POLICY: BEST FIT	MEMORY SIZE: 1024


NUMBER 	SEQUENCE 	SIZE 	ADR 	MEMORY LEFT 	LARGEST CHUNK
1 	alloc 		99744 	0 		948832 		0
2 	alloc 		111776 	99744 		837056 		0
3 	alloc 		64864 	211520 		772192 		0
4 	alloc 		91552 	276384 		680640 		0
5 	free 		111776 	0 		792416 		0
6 	free 		91552 	0 		883968 		0
7 	alloc 		5600 	0 		878368 		0
8 	alloc 		110304 	5600 		768064 		0
9 	alloc 		78688 	115904 		689376 		0
10 	alloc 		8032 	194592 		681344 		0
11 	alloc 		27872 	202624 		653472 		0
12 	alloc 		72992 	230496 		580480 		0
13 	alloc 		4960 	303488 		575520 		0
14 	alloc 		58400 	308448 		517120 		0
15 	alloc 		84640 	366848 		432480 		0
16 	free 		78688 	0 		511168 		0
17 	alloc 		25760 	0 		485408 		0
18 	free 		5600 	0 		491008 		5600
19 	free 		64864 	0 		555872 		5600
20 	alloc 		6496 	0 		549376 		5600
21 	alloc 		118240 	6496 		431136 		5600
22 	free 		27872 	0 		459008 		5600
23 	alloc 		44448 	0 		414560 		5600
24 	free 		8032 	0 		422592 		5600
25 	alloc 		113440 	0 		309152 		5600
26 	free 		99744 	0 		408896 		99744
27 	free 		118240 	0 		527136 		99744
28 	free 		6496 	0 		533632 		99744
29 	free 		84640 	0 		618272 		99744
30 	alloc 		115040 	0 		503232 		99744
31 	free 		25760 	0 		528992 		99744
32 	alloc 		55072 	0 		473920 		99744
33 	free 		4960 	0 		478880 		99744
34 	free 		44448 	0 		523328 		99744
35 	free 		55072 	0 		578400 		99744
36 	alloc 		57312 	0 		521088 		99744
37 	alloc 		101408 	57312 		419680 		99744
38 	free 		110304 	0 		529984 		99744
39 	free 		72992 	0 		602976 		99744
40 	free 		58400 	0 		661376 		99744
41 	alloc 		71328 	0 		590048 		99744
42 	alloc 		26144 	71328 		563904 		99744
43 	alloc 		55968 	97472 		507936 		99744
44 	alloc 		17824 	153440 		490112 		99744
45 	free 		26144 	0 		516256 		99744
46 	free 		57312 	0 		573568 		99744
47 	alloc 		49120 	0 		524448 		99744
48 	free 		71328 	0 		595776 		99744
49 	alloc 		87200 	0 		508576 		99744
50 	alloc 		16928 	87200 		491648 		99744
51 	alloc 		10848 	104128 		480800 		99744
52 	free 		16928 	0 		497728 		99744
53 	free 		87200 	0 		584928 		99744
54 	alloc 		110112 	0 		474816 		99744
55 	free 		113440 	0 		588256 		113440
56 	alloc 		36640 	0 		551616 		113440
57 	free 		110112 	0 		661728 		113440
58 	alloc 		90592 	0 		571136 		113440
59 	alloc 		32 	90592 		571104 		113440
60 	free 		115040 	0 		686144 		115040
61 	alloc 		57312 	0 		628832 		115040
62 	alloc 		113952 	0 		514880 		115040
63 	free 		101408 	0 		616288 		115040
64 	alloc 		88160 	0 		528128 		115040
65 	free 		55968 	0 		584096 		115040
66 	free 		10848 	0 		594944 		115040
67 	alloc 		35424 	0 		559520 		115040
68 	alloc 		7584 	35424 		551936 		115040
69 	free 		49120 	0 		601056 		115040
70 	free 		7584 	0 		608640 		115040
71 	alloc 		60960 	0 		547680 		115040
72 	alloc 		36704 	60960 		510976 		115040
73 	free 		90592 	0 		601568 		115040
74 	free 		17824 	0 		619392 		115040
75 	alloc 		44512 	0 		574880 		115040
76 	alloc 		34656 	44512 		540224 		115040
77 	free 		32 	0 		540256 		115040
78 	alloc 		85024 	0 		455232 		115040
79 	free 		36640 	0 		491872 		115040
80 	alloc 		42080 	0 		449792 		115040
81 	alloc 		39520 	42080 		410272 		115040
82 	alloc 		79840 	81600 		330432 		115040
83 	free 		42080 	0 		372512 		115040
84 	free 		57312 	0 		429824 		115040
85 	alloc 		79840 	0 		349984 		115040
86 	alloc 		110816 	79840 		239168 		115040
87 	alloc 		61664 	190656 		177504 		115040
88 	alloc 		51808 	252320 		125696 		115040
89 	alloc 		53152 	304128 		72544 		115040
90 	free 		35424 	0 		107968 		115040
91 	free 		113952 	0 		221920 		115040
92 	free 		85024 	0 		306944 		115040
93 	free 		88160 	0 		395104 		115040
94 	free 		44512 	0 		439616 		115040
95 	free 		36704 	0 		476320 		115040
96 	free 		34656 	0 		510976 		115040
97 	free 		39520 	0 		550496 		115040
98 	alloc 		40736 	0 		509760 		115040
99 	alloc 		108192 	40736 		401568 		115040
100 	free 		60960 	0 		462528 		115040
101 	free 		79840 	0 		542368 		115040
102 	alloc 		43552 	0 		498816 		115040
103 	alloc 		95840 	43552 		402976 		115040
104 	free 		40736 	0 		443712 		115040
105 	free 		53152 	0 		496864 		115040
106 	free 		95840 	0 		592704 		115040
107 	alloc 		10464 	0 		582240 		115040
108 	alloc 		51552 	10464 		530688 		115040
109 	free 		110816 	0 		641504 		115040
110 	free 		51552 	0 		693056 		115040
111 	alloc 		31200 	0 		661856 		115040
112 	free 		79840 	0 		741696 		115040
113 	free 		51808 	0 		793504 		115040
114 	alloc 		63648 	0 		729856 		115040
115 	free 		61664 	0 		791520 		115040
116 	free 		108192 	0 		899712 		115040
117 	alloc 		96480 	0 		803232 		115040
118 	alloc 		44832 	96480 		758400 		115040
119 	alloc 		24864 	141312 		733536 		115040
120 	free 		24864 	0 		758400 		115040
121 	alloc 		80224 	0 		678176 		115040
122 	alloc 		91680 	80224 		586496 		115040
123 	free 		10464 	0 		596960 		115040
124 	alloc 		94752 	0 		502208 		115040
125 	alloc 		113376 	94752 		388832 		115040
126 	alloc 		82272 	208128 		306560 		115040
127 	free 		43552 	0 		350112 		115040
128 	free 		31200 	0 		381312 		115040
129 	alloc 		124832 	0 		256480 		115040
130 	alloc 		45664 	124832 		210816 		115040
131 	free 		63648 	0 		274464 		115040
132 	alloc 		94432 	0 		180032 		115040
133 	free 		82272 	0 		262304 		115040
134 	free 		94752 	0 		357056 		115040
135 	free 		91680 	0 		448736 		115040
136 	alloc 		44192 	0 		404544 		115040
137 	free 		94432 	0 		498976 		115040
138 	alloc 		93856 	0 		405120 		115040
139 	alloc 		124064 	93856 		281056 		115040
140 	free 		44192 	0 		325248 		115040
141 	free 		44832 	0 		370080 		115040
142 	free 		80224 	0 		450304 		115040
143 	alloc 		24288 	0 		426016 		115040
144 	free 		96480 	0 		522496 		115040
145 	free 		124064 	0 		646560 		115040
146 	free 		113376 	0 		759936 		115040
147 	alloc 		84000 	0 		675936 		115040
148 	alloc 		62688 	84000 		613248 		115040
149 	free 		84000 	0 		697248 		115040
150 	free 		124832 	0 		822080 		124832
151 	alloc 		123104 	0 		698976 		124832
152 	alloc 		84384 	123104 		614592 		124832
153 	alloc 		67936 	207488 		546656 		124832
154 	alloc 		67872 	275424 		478784 		124832
155 	free 		62688 	0 		541472 		124832
156 	free 		45664 	0 		587136 		124832
157 	alloc 		91104 	0 		496032 		124832
158 	alloc 		21280 	91104 		474752 		124832
159 	alloc 		8480 	112384 		466272 		124832
160 	free 		93856 	0 		560128 		124832
161 	alloc 		27872 	0 		532256 		124832
162 	alloc 		30304 	27872 		501952 		124832
163 	alloc 		44256 	58176 		457696 		124832
164 	free 		21280 	0 		478976 		124832
165 	alloc 		93408 	0 		385568 		124832
166 	alloc 		46368 	93408 		339200 		124832
167 	alloc 		47584 	139776 		291616 		124832
168 	free 		91104 	0 		382720 		124832
169 	free 		44256 	0 		426976 		124832
170 	free 		123104 	0 		550080 		124832
171 	free 		24288 	0 		574368 		124832
172 	alloc 		122528 	0 		451840 		124832
173 	alloc 		56800 	122528 		395040 		124832
174 	free 		67936 	0 		462976 		124832
175 	free 		67872 	0 		530848 		124832
176 	alloc 		69984 	0 		460864 		124832
177 	free 		84384 	0 		545248 		124832
178 	alloc 		92448 	0 		452800 		124832
179 	alloc 		18400 	92448 		434400 		124832
180 	free 		27872 	0 		462272 		124832
181 	free 		8480 	0 		470752 		124832
182 	free 		122528 	0 		593280 		124832
183 	free 		30304 	0 		623584 		124832
184 	alloc 		74080 	0 		549504 		124832
185 	alloc 		114656 	74080 		434848 		124832
186 	alloc 		93216 	188736 		341632 		124832
187 	alloc 		103776 	281952 		237856 		124832
188 	alloc 		3936 	385728 		233920 		124832
189 	free 		46368 	0 		280288 		124832
190 	free 		93408 	0 		373696 		124832
191 	free 		69984 	0 		443680 		124832
192 	free 		47584 	0 		491264 		124832
193 	alloc 		94240 	0 		397024 		124832
194 	free 		93216 	0 		490240 		124832
195 	free 		18400 	0 		508640 		124832
196 	alloc 		112480 	0 		396160 		124832
197 	free 		56800 	0 		452960 		124832
198 	free 		103776 	0 		556736 		124832
199 	alloc 		102560 	0 		454176 		124832
200 	alloc 		91424 	102560 		362752 		124832
201 	alloc 		69472 	193984 		293280 		124832
202 	alloc 		15328 	263456 		277952 		124832
203 	alloc 		14240 	278784 		263712 		124832
204 	alloc 		105760 	293024 		157952 		124832
205 	free 		92448 	0 		250400 		124832
206 	free 		74080 	0 		324480 		124832
207 	alloc 		80608 	0 		243872 		124832
208 	alloc 		101536 	80608 		142336 		124832
209 	free 		91424 	0 		233760 		124832
210 	alloc 		63648 	0 		170112 		124832
211 	free 		112480 	0 		282592 		124832
212 	alloc 		46304 	0 		236288 		124832
213 	alloc 		112480 	0 		123808 		124832
214 	free 		114656 	0 		238464 		124832
215 	free 		3936 	0 		242400 		124832
216 	alloc 		48992 	0 		193408 		124832
217 	alloc 		128224 	48992 		65184 		124832
218 	alloc 		65568 	177216 		-384 		124832
219 	alloc 		14816 	242784 		-15200 		124832
220 	free 		15328 	0 		128 		124832
221 	free 		46304 	0 		46432 		124832
222 	free 		94240 	0 		140672 		124832
223 	free 		63648 	0 		204320 		124832
224 	free 		14816 	0 		219136 		124832
225 	free 		69472 	0 		288608 		124832
226 	alloc 		122592 	0 		166016 		124832
227 	alloc 		16480 	122592 		149536 		124832
228 	free 		101536 	0 		251072 		124832
229 	free 		102560 	0 		353632 		124832
230 	alloc 		122080 	0 		231552 		124832
231 	free 		14240 	0 		245792 		124832
232 	free 		112480 	0 		358272 		124832
233 	free 		105760 	0 		464032 		124832
234 	alloc 		116000 	0 		348032 		124832
235 	alloc 		65824 	116000 		282208 		124832
236 	alloc 		110944 	181824 		171264 		124832
237 	free 		80608 	0 		251872 		124832
238 	alloc 		36192 	0 		215680 		124832
239 	alloc 		58336 	36192 		157344 		124832
240 	free 		48992 	0 		206336 		124832
241 	free 		122592 	0 		328928 		124832
242 	free 		116000 	0 		444928 		124832
243 	alloc 		57184 	0 		387744 		124832
244 	free 		16480 	0 		404224 		124832
245 	free 		65568 	0 		469792 		124832
246 	free 		128224 	0 		598016 		124832
247 	alloc 		105632 	0 		492384 		124832
248 	alloc 		121056 	105632 		371328 		124832
249 	free 		121056 	0 		492384 		124832
250 	free 		122080 	0 		614464 		124832
251 	alloc 		42080 	0 		572384 		124832
252 	alloc 		87328 	0 		485056 		124832
253 	alloc 		8352 	0 		476704 		124832
254 	alloc 		48416 	0 		428288 		124832
255 	free 		105632 	0 		533920 		124832
256 	free 		42080 	0 		576000 		124832
257 	alloc 		17312 	0 		558688 		124832
258 	free 		57184 	0 		615872 		124832
259 	alloc 		63136 	0 		552736 		124832
260 	free 		110944 	0 		663680 		124832
261 	free 		65824 	0 		729504 		124832
262 	alloc 		47328 	0 		682176 		124832
263 	free 		36192 	0 		718368 		124832
264 	free 		58336 	0 		776704 		124832
265 	alloc 		52256 	0 		724448 		124832
266 	alloc 		118048 	52256 		606400 		124832
267 	alloc 		98656 	170304 		507744 		124832
268 	alloc 		11552 	268960 		496192 		124832
269 	alloc 		125344 	280512 		370848 		124832
270 	free 		17312 	0 		388160 		124832
271 	alloc 		116064 	0 		272096 		124832
272 	alloc 		69664 	116064 		202432 		124832
273 	free 		116064 	0 		318496 		124832
274 	free 		48416 	0 		366912 		124832
275 	alloc 		114976 	0 		251936 		124832
276 	alloc 		44064 	114976 		207872 		124832
277 	free 		8352 	0 		216224 		124832
278 	alloc 		39520 	0 		176704 		124832
279 	alloc 		106784 	39520 		69920 		124832
280 	free 		47328 	0 		117248 		124832
281 	free 		87328 	0 		204576 		124832
282 	free 		63136 	0 		267712 		124832
283 	alloc 		24096 	0 		243616 		124832
284 	alloc 		71968 	24096 		171648 		124832
285 	free 		44064 	0 		215712 		124832
286 	alloc 		58976 	0 		156736 		124832
287 	free 		69664 	0 		226400 		124832
288 	free 		98656 	0 		325056 		124832
289 	free 		125344 	0 		450400 		124832
290 	free 		106784 	0 		557184 		124832
291 	free 		52256 	0 		609440 		124832
292 	alloc 		111008 	0 		498432 		124832
293 	free 		11552 	0 		509984 		124832
294 	alloc 		42336 	0 		467648 		124832
295 	alloc 		121184 	42336 		346464 		124832
296 	free 		118048 	0 		464512 		124832
297 	alloc 		26848 	0 		437664 		124832
298 	alloc 		77216 	26848 		360448 		124832
299 	alloc 		103776 	104064 		256672 		124832
300 	alloc 		120480 	207840 		136192 		124832
301 	free 		71968 	0 		208160 		124832
302 	alloc 		118560 	0 		89600 		124832
303 	alloc 		42080 	0 		47520 		124832
304 	free 		114976 	0 		162496 		124832
305 	free 		39520 	0 		202016 		124832
306 	free 		42336 	0 		244352 		124832
307 	alloc 		72992 	0 		171360 		124832
308 	free 		118560 	0 		289920 		124832
309 	alloc 		44512 	0 		245408 		124832
310 	free 		120480 	0 		365888 		124832
311 	alloc 		32224 	0 		333664 		124832
312 	alloc 		87648 	32224 		246016 		124832
313 	free 		24096 	0 		270112 		124832
314 	alloc 		32352 	0 		237760 		124832
315 	free 		58976 	0 		296736 		124832
316 	free 		26848 	0 		323584 		124832
317 	free 		111008 	0 		434592 		124832
318 	alloc 		63584 	0 		371008 		124832
319 	free 		42080 	0 		413088 		124832
320 	alloc 		30624 	0 		382464 		124832
321 	alloc 		18336 	30624 		364128 		124832
322 	free 		121184 	0 		485312 		124832
323 	free 		44512 	0 		529824 		124832
324 	alloc 		224 	0 		529600 		124832
325 	free 		103776 	0 		633376 		124832
326 	alloc 		113760 	0 		519616 		124832
327 	free 		77216 	0 		596832 		124832
328 	alloc 		12960 	0 		583872 		124832
329 	alloc 		46688 	12960 		537184 		124832
330 	alloc 		44128 	59648 		493056 		124832
331 	alloc 		86176 	103776 		406880 		124832
332 	alloc 		109792 	189952 		297088 		124832
333 	free 		32352 	0 		329440 		124832
334 	alloc 		74784 	0 		254656 		124832
335 	free 		72992 	0 		327648 		124832
336 	alloc 		1376 	0 		326272 		124832
337 	free 		113760 	0 		440032 		124832
338 	free 		30624 	0 		470656 		124832
339 	free 		32224 	0 		502880 		124832
340 	free 		87648 	0 		590528 		124832
341 	alloc 		50848 	0 		539680 		124832
342 	alloc 		80800 	50848 		458880 		124832
343 	free 		63584 	0 		522464 		124832
344 	free 		12960 	0 		535424 		124832
345 	alloc 		117088 	0 		418336 		124832
346 	alloc 		112864 	117088 		305472 		124832
347 	alloc 		3616 	229952 		301856 		124832
348 	free 		224 	0 		302080 		124832
349 	alloc 		56224 	0 		245856 		124832
350 	alloc 		128160 	56224 		117696 		124832
351 	free 		18336 	0 		136032 		124832
352 	alloc 		85472 	0 		50560 		124832
353 	free 		44128 	0 		94688 		124832
354 	alloc 		55456 	0 		39232 		124832
355 	free 		46688 	0 		85920 		124832
356 	free 		74784 	0 		160704 		124832
357 	free 		1376 	0 		162080 		124832
358 	free 		109792 	0 		271872 		124832
359 	free 		86176 	0 		358048 		124832
360 	alloc 		23264 	0 		334784 		124832
361 	free 		50848 	0 		385632 		124832
362 	free 		80800 	0 		466432 		124832
363 	free 		117088 	0 		583520 		124832
364 	alloc 		37792 	0 		545728 		124832
365 	free 		3616 	0 		549344 		124832
366 	free 		23264 	0 		572608 		124832
367 	free 		56224 	0 		628832 		124832
368 	alloc 		69728 	0 		559104 		124832
369 	alloc 		2208 	69728 		556896 		124832
370 	alloc 		6368 	71936 		550528 		124832
371 	alloc 		40608 	78304 		509920 		124832
372 	alloc 		103328 	118912 		406592 		124832
373 	alloc 		53280 	222240 		353312 		124832
374 	free 		112864 	0 		466176 		124832
375 	alloc 		87200 	0 		378976 		124832
376 	free 		69728 	0 		448704 		124832
377 	alloc 		70752 	0 		377952 		124832
378 	alloc 		68832 	70752 		309120 		124832
379 	free 		85472 	0 		394592 		124832
380 	free 		128160 	0 		522752 		124832
381 	alloc 		36000 	0 		486752 		124832
382 	free 		55456 	0 		542208 		124832
383 	free 		37792 	0 		580000 		124832
384 	alloc 		117344 	0 		462656 		124832
385 	alloc 		46176 	117344 		416480 		124832
386 	free 		87200 	0 		503680 		124832
387 	alloc 		83872 	0 		419808 		124832
388 	free 		40608 	0 		460416 		124832
389 	alloc 		118112 	0 		342304 		124832
390 	free 		36000 	0 		378304 		124832
391 	free 		103328 	0 		481632 		124832
392 	alloc 		91808 	0 		389824 		124832
393 	free 		53280 	0 		443104 		124832
394 	alloc 		40608 	0 		402496 		124832
395 	alloc 		27040 	40608 		375456 		124832
396 	free 		118112 	0 		493568 		124832
397 	free 		6368 	0 		499936 		124832
398 	free 		2208 	0 		502144 		124832
399 	alloc 		37344 	0 		464800 		124832
400 	alloc 		45152 	37344 		419648 		124832
401 	alloc 		21152 	82496 		398496 		124832
402 	alloc 		107168 	103648 		291328 		124832
403 	alloc 		72416 	210816 		218912 		124832
404 	free 		83872 	0 		302784 		124832
405 	free 		70752 	0 		373536 		124832
406 	alloc 		30944 	0 		342592 		124832
407 	free 		68832 	0 		411424 		124832
408 	alloc 		66208 	0 		345216 		124832
409 	alloc 		108512 	66208 		236704 		124832
410 	free 		45152 	0 		281856 		124832
411 	free 		91808 	0 		373664 		124832
412 	alloc 		64160 	0 		309504 		124832
413 	free 		46176 	0 		355680 		124832
414 	free 		117344 	0 		473024 		124832
415 	alloc 		22304 	0 		450720 		124832
416 	free 		21152 	0 		471872 		124832
417 	alloc 		28896 	0 		442976 		124832
418 	free 		27040 	0 		470016 		124832
419 	free 		37344 	0 		507360 		124832
420 	free 		40608 	0 		547968 		124832
421 	free 		72416 	0 		620384 		124832
422 	free 		66208 	0 		686592 		124832
423 	alloc 		61856 	0 		624736 		124832
424 	free 		107168 	0 		731904 		124832
425 	free 		30944 	0 		762848 		124832
426 	alloc 		54688 	0 		708160 		124832
427 	alloc 		7648 	54688 		700512 		124832
428 	alloc 		85728 	62336 		614784 		124832
429 	alloc 		111136 	148064 		503648 		124832
430 	free 		28896 	0 		532544 		124832
431 	free 		54688 	0 		587232 		124832
432 	free 		22304 	0 		609536 		124832
433 	alloc 		10784 	0 		598752 		124832
434 	alloc 		95520 	10784 		503232 		124832
435 	free 		61856 	0 		565088 		124832
436 	free 		108512 	0 		673600 		124832
437 	free 		111136 	0 		784736 		124832
438 	alloc 		67104 	0 		717632 		124832
439 	alloc 		129184 	67104 		588448 		124832
440 	free 		64160 	0 		652608 		124832
441 	free 		10784 	0 		663392 		124832
442 	alloc 		7904 	0 		655488 		124832
443 	free 		85728 	0 		741216 		124832
444 	alloc 		18784 	0 		722432 		124832
445 	alloc 		40032 	18784 		682400 		124832
446 	alloc 		119200 	58816 		563200 		124832
447 	alloc 		28384 	178016 		534816 		124832
448 	alloc 		103264 	206400 		431552 		124832
449 	alloc 		74464 	309664 		357088 		124832
450 	alloc 		3936 	384128 		353152 		124832
451 	free 		129184 	0 		482336 		124832
452 	alloc 		13728 	0 		468608 		124832
453 	free 		7904 	0 		476512 		124832
454 	free 		67104 	0 		543616 		124832
455 	alloc 		89696 	0 		453920 		124832
456 	free 		119200 	0 		573120 		124832
457 	free 		7648 	0 		580768 		124832
458 	free 		74464 	0 		655232 		124832
459 	free 		103264 	0 		758496 		124832
460 	alloc 		96224 	0 		662272 		124832
461 	alloc 		114784 	96224 		547488 		124832
462 	free 		89696 	0 		637184 		124832
463 	free 		40032 	0 		677216 		124832
464 	free 		95520 	0 		772736 		124832
465 	alloc 		47200 	0 		725536 		124832
466 	alloc 		45152 	47200 		680384 		124832
467 	free 		3936 	0 		684320 		124832
468 	alloc 		11680 	0 		672640 		124832
469 	alloc 		91040 	11680 		581600 		124832
470 	free 		11680 	0 		593280 		124832
471 	alloc 		126944 	0 		466336 		124832
472 	free 		28384 	0 		494720 		124832
473 	free 		126944 	0 		621664 		126944
474 	free 		18784 	0 		640448 		126944
475 	alloc 		105248 	0 		535200 		126944
476 	alloc 		111264 	105248 		423936 		126944
477 	free 		96224 	0 		520160 		126944
478 	alloc 		54624 	0 		465536 		126944
479 	free 		13728 	0 		479264 		126944
480 	free 		91040 	0 		570304 		126944
481 	free 		45152 	0 		615456 		126944
482 	free 		111264 	0 		726720 		126944
483 	free 		114784 	0 		841504 		126944
484 	alloc 		115872 	0 		725632 		126944
485 	alloc 		97376 	115872 		628256 		126944
486 	alloc 		71264 	213248 		556992 		126944
487 	alloc 		30880 	284512 		526112 		126944
488 	alloc 		34016 	315392 		492096 		126944
489 	alloc 		121504 	349408 		370592 		126944
490 	alloc 		34784 	470912 		335808 		126944
491 	free 		47200 	0 		383008 		126944
492 	alloc 		41248 	0 		341760 		126944
493 	alloc 		63904 	41248 		277856 		126944
494 	free 		121504 	0 		399360 		126944
495 	alloc 		127520 	0 		271840 		126944
496 	free 		41248 	0 		313088 		126944
497 	free 		71264 	0 		384352 		126944
498 	free 		54624 	0 		438976 		126944
499 	free 		115872 	0 		554848 		126944
500 	alloc 		33760 	0 		521088 		126944
501 	free 		105248 	0 		626336 		126944
502 	alloc 		78112 	0 		548224 		126944
503 	free 		127520 	0 		675744 		127520
504 	alloc 		40928 	0 		634816 		127520
505 	alloc 		32800 	40928 		602016 		127520
506 	alloc 		17568 	73728 		584448 		127520
507 	free 		63904 	0 		648352 		127520
508 	free 		97376 	0 		745728 		127520
509 	free 		30880 	0 		776608 		127520
510 	free 		34016 	0 		810624 		127520
511 	alloc 		32672 	0 		777952 		127520
512 	alloc 		93280 	32672 		684672 		127520
513 	free 		33760 	0 		718432 		127520
514 	alloc 		129056 	0 		589376 		127520
515 	free 		32800 	0 		622176 		127520
516 	free 		17568 	0 		639744 		127520
517 	free 		34784 	0 		674528 		127520
518 	alloc 		123872 	0 		550656 		127520
519 	alloc 		40160 	123872 		510496 		127520
520 	alloc 		108320 	164032 		402176 		127520
521 	alloc 		14752 	272352 		387424 		127520
522 	alloc 		92512 	287104 		294912 		127520
523 	free 		123872 	0 		418784 		127520
524 	free 		129056 	0 		547840 		129056
525 	free 		40928 	0 		588768 		129056
526 	free 		108320 	0 		697088 		129056
527 	alloc 		71904 	0 		625184 		129056
528 	alloc 		32608 	71904 		592576 		129056
529 	free 		78112 	0 		670688 		129056
530 	alloc 		19360 	0 		651328 		129056
531 	alloc 		76256 	19360 		575072 		129056
532 	alloc 		83040 	95616 		492032 		129056
533 	free 		32672 	0 		524704 		129056
534 	free 		92512 	0 		617216 		129056
535 	alloc 		117408 	0 		499808 		129056
536 	alloc 		103520 	117408 		396288 		129056
537 	alloc 		55584 	220928 		340704 		129056
538 	alloc 		35168 	276512 		305536 		129056
539 	free 		14752 	0 		320288 		129056
540 	free 		35168 	0 		355456 		129056
541 	free 		93280 	0 		448736 		129056
542 	alloc 		57888 	0 		390848 		129056
543 	free 		40160 	0 		431008 		129056
544 	alloc 		105312 	0 		325696 		129056
545 	free 		76256 	0 		401952 		129056
546 	alloc 		23584 	0 		378368 		129056
547 	alloc 		95584 	23584 		282784 		129056
548 	free 		23584 	0 		306368 		129056
549 	alloc 		33632 	0 		272736 		129056
550 	free 		71904 	0 		344640 		129056
551 	alloc 		117344 	0 		227296 		129056
552 	free 		32608 	0 		259904 		129056
553 	free 		19360 	0 		279264 		129056
554 	alloc 		49888 	0 		229376 		129056
555 	free 		49888 	0 		279264 		129056
556 	alloc 		126048 	0 		153216 		129056
557 	free 		95584 	0 		248800 		129056
558 	free 		126048 	0 		374848 		129056
559 	free 		117408 	0 		492256 		129056
560 	free 		83040 	0 		575296 		129056
561 	alloc 		76064 	0 		499232 		129056
562 	alloc 		36832 	76064 		462400 		129056
563 	free 		57888 	0 		520288 		129056
564 	free 		105312 	0 		625600 		129056
565 	free 		55584 	0 		681184 		129056
566 	free 		103520 	0 		784704 		129056
567 	alloc 		71008 	0 		713696 		129056
568 	alloc 		8672 	71008 		705024 		129056
569 	free 		117344 	0 		822368 		129056
570 	alloc 		49760 	0 		772608 		129056
571 	alloc 		94816 	49760 		677792 		129056
572 	free 		94816 	0 		772608 		129056
573 	alloc 		127328 	0 		645280 		129056
574 	free 		36832 	0 		682112 		129056
575 	free 		76064 	0 		758176 		129056
576 	alloc 		72992 	0 		685184 		129056
577 	free 		33632 	0 		718816 		129056
578 	free 		127328 	0 		846144 		129056
579 	alloc 		93408 	0 		752736 		129056
580 	alloc 		81568 	0 		671168 		129056
581 	alloc 		100960 	0 		570208 		129056
582 	alloc 		52576 	0 		517632 		129056
583 	alloc 		69664 	0 		447968 		129056
584 	alloc 		75040 	0 		372928 		129056
585 	free 		75040 	0 		447968 		129056
586 	alloc 		82656 	0 		365312 		129056
587 	alloc 		72864 	82656 		292448 		129056
588 	free 		71008 	0 		363456 		129056
589 	alloc 		62432 	0 		301024 		129056
590 	alloc 		53280 	62432 		247744 		129056
591 	alloc 		48992 	0 		198752 		129056
592 	alloc 		58208 	0 		140544 		129056
593 	free 		93408 	0 		233952 		129056
594 	free 		49760 	0 		283712 		129056
595 	free 		62432 	0 		346144 		129056
596 	free 		8672 	0 		354816 		129056
597 	free 		48992 	0 		403808 		129056
598 	free 		72864 	0 		476672 		129056
599 	alloc 		55456 	0 		421216 		129056
600 	alloc 		35232 	0 		385984 		129056
601 	free 		72992 	0 		458976 		129056
602 	free 		35232 	0 		494208 		129056
603 	alloc 		1824 	0 		492384 		129056
604 	alloc 		65568 	1824 		426816 		129056
605 	alloc 		57440 	67392 		369376 		129056
606 	free 		1824 	0 		371200 		129056
607 	free 		81568 	0 		452768 		129056
608 	free 		52576 	0 		505344 		129056
609 	alloc 		24288 	0 		481056 		129056
610 	alloc 		91040 	0 		390016 		129056
611 	free 		100960 	0 		490976 		129056
612 	alloc 		102944 	0 		388032 		129056
613 	free 		69664 	0 		457696 		129056
614 	alloc 		78304 	0 		379392 		129056
615 	free 		82656 	0 		462048 		129056
616 	free 		55456 	0 		517504 		129056
617 	alloc 		98528 	0 		418976 		129056
618 	alloc 		54304 	98528 		364672 		129056
619 	free 		53280 	0 		417952 		129056
620 	free 		58208 	0 		476160 		129056
621 	alloc 		126240 	0 		349920 		129056
622 	free 		24288 	0 		374208 		129056
623 	alloc 		97568 	0 		276640 		129056
624 	free 		57440 	0 		334080 		129056
625 	free 		54304 	0 		388384 		129056
626 	alloc 		78560 	0 		309824 		129056
627 	alloc 		57952 	78560 		251872 		129056
628 	free 		65568 	0 		317440 		129056
629 	alloc 		81184 	0 		236256 		129056
630 	free 		91040 	0 		327296 		129056
631 	alloc 		76000 	0 		251296 		129056
632 	alloc 		108896 	76000 		142400 		129056
633 	alloc 		15136 	184896 		127264 		129056
634 	alloc 		65696 	200032 		61568 		129056
635 	alloc 		100448 	265728 		-38880 		129056
636 	free 		78560 	0 		39680 		129056
637 	free 		97568 	0 		137248 		129056
638 	free 		15136 	0 		152384 		129056
639 	free 		98528 	0 		250912 		129056
640 	free 		102944 	0 		353856 		129056
641 	alloc 		67424 	0 		286432 		129056
642 	free 		65696 	0 		352128 		129056
643 	free 		78304 	0 		430432 		129056
644 	alloc 		15648 	0 		414784 		129056
645 	alloc 		19744 	15648 		395040 		129056
646 	alloc 		117536 	35392 		277504 		129056
647 	free 		126240 	0 		403744 		129056
648 	free 		67424 	0 		471168 		129056
649 	free 		81184 	0 		552352 		129056
650 	alloc 		76512 	0 		475840 		129056
651 	alloc 		80928 	76512 		394912 		129056
652 	alloc 		41568 	157440 		353344 		129056
653 	free 		100448 	0 		453792 		129056
654 	alloc 		48608 	0 		405184 		129056
655 	free 		76000 	0 		481184 		129056
656 	free 		57952 	0 		539136 		129056
657 	free 		108896 	0 		648032 		129056
658 	alloc 		55712 	0 		592320 		129056
659 	free 		19744 	0 		612064 		129056
660 	free 		55712 	0 		667776 		129056
661 	alloc 		27296 	0 		640480 		129056
662 	free 		117536 	0 		758016 		129056
663 	alloc 		127584 	0 		630432 		129056
664 	alloc 		12704 	127584 		617728 		129056
665 	free 		15648 	0 		633376 		129056
666 	free 		41568 	0 		674944 		129056
667 	alloc 		105632 	0 		569312 		129056
668 	free 		80928 	0 		650240 		129056
669 	free 		105632 	0 		755872 		129056
670 	alloc 		53664 	0 		702208 		129056
671 	alloc 		30752 	53664 		671456 		129056
672 	free 		53664 	0 		725120 		129056
673 	alloc 		51552 	0 		673568 		129056
674 	alloc 		59232 	51552 		614336 		129056
675 	free 		48608 	0 		662944 		129056
676 	alloc 		126816 	0 		536128 		129056
677 	free 		12704 	0 		548832 		129056
678 	alloc 		54688 	0 		494144 		129056
679 	alloc 		9760 	0 		484384 		129056
680 	free 		76512 	0 		560896 		129056
681 	alloc 		111456 	0 		449440 		129056
682 	alloc 		28896 	0 		420544 		129056
683 	alloc 		45088 	0 		375456 		129056
684 	free 		30752 	0 		406208 		129056
685 	alloc 		11040 	0 		395168 		129056
686 	free 		127584 	0 		522752 		129056
687 	alloc 		52000 	0 		470752 		129056
688 	alloc 		16736 	52000 		454016 		129056
689 	alloc 		62816 	68736 		391200 		129056
690 	free 		16736 	0 		407936 		129056
691 	free 		27296 	0 		435232 		129056
692 	free 		59232 	0 		494464 		129056
693 	free 		51552 	0 		546016 		129056
694 	alloc 		3040 	0 		542976 		129056
695 	alloc 		56672 	3040 		486304 		129056
696 	alloc 		31584 	59712 		454720 		129056
697 	free 		28896 	0 		483616 		129056
698 	free 		45088 	0 		528704 		129056
699 	free 		9760 	0 		538464 		129056
700 	free 		111456 	0 		649920 		129056
701 	alloc 		81888 	0 		568032 		129056
702 	free 		11040 	0 		579072 		129056
703 	alloc 		44320 	0 		534752 		129056
704 	alloc 		75040 	0 		459712 		129056
705 	free 		126816 	0 		586528 		129056
706 	free 		54688 	0 		641216 		129056
707 	alloc 		113376 	0 		527840 		129056
708 	free 		44320 	0 		572160 		129056
709 	alloc 		21472 	0 		550688 		129056
710 	alloc 		19744 	21472 		530944 		129056
711 	free 		52000 	0 		582944 		129056
712 	free 		3040 	0 		585984 		129056
713 	alloc 		123936 	0 		462048 		129056
714 	alloc 		117664 	123936 		344384 		129056
715 	free 		81888 	0 		426272 		129056
716 	free 		62816 	0 		489088 		129056
717 	alloc 		71712 	0 		417376 		129056
718 	free 		113376 	0 		530752 		129056
719 	alloc 		31584 	0 		499168 		129056
720 	free 		56672 	0 		555840 		129056
721 	alloc 		114592 	0 		441248 		129056
722 	free 		71712 	0 		512960 		129056
723 	alloc 		608 	0 		512352 		129056
724 	alloc 		19360 	0 		492992 		129056
725 	alloc 		58592 	0 		434400 		129056
726 	free 		31584 	0 		465984 		129056
727 	free 		21472 	0 		487456 		129056
728 	free 		58592 	0 		546048 		129056
729 	alloc 		51360 	0 		494688 		129056
730 	free 		123936 	0 		618624 		129056
731 	free 		75040 	0 		693664 		129056
732 	free 		19744 	0 		713408 		129056
733 	alloc 		22112 	0 		691296 		129056
734 	alloc 		108960 	22112 		582336 		129056
735 	alloc 		18016 	131072 		564320 		129056
736 	alloc 		24864 	149088 		539456 		129056
737 	alloc 		92064 	173952 		447392 		129056
738 	free 		108960 	0 		556352 		129056
739 	alloc 		88800 	0 		467552 		129056
740 	free 		114592 	0 		582144 		129056
741 	alloc 		27296 	0 		554848 		129056
742 	free 		31584 	0 		586432 		129056
743 	free 		117664 	0 		704096 		129056
744 	free 		608 	0 		704704 		129056
745 	free 		88800 	0 		793504 		129056
746 	alloc 		99040 	0 		694464 		129056
747 	free 		19360 	0 		713824 		129056
748 	free 		22112 	0 		735936 		129056
749 	alloc 		117920 	0 		618016 		129056
750 	free 		99040 	0 		717056 		129056
751 	free 		92064 	0 		809120 		129056
752 	free 		18016 	0 		827136 		129056
753 	alloc 		76064 	0 		751072 		129056
754 	free 		51360 	0 		802432 		129056
755 	alloc 		38816 	0 		763616 		129056
756 	alloc 		32544 	38816 		731072 		129056
757 	free 		76064 	0 		807136 		129056
758 	alloc 		22880 	0 		784256 		129056
759 	free 		24864 	0 		809120 		129056
760 	alloc 		56096 	0 		753024 		129056
761 	alloc 		31328 	56096 		721696 		129056
762 	alloc 		3360 	87424 		718336 		129056
763 	free 		22880 	0 		741216 		129056
764 	alloc 		105696 	0 		635520 		129056
765 	alloc 		97952 	105696 		537568 		129056
766 	free 		117920 	0 		655488 		129056
767 	free 		27296 	0 		682784 		129056
768 	alloc 		19808 	0 		662976 		129056
769 	alloc 		18272 	19808 		644704 		129056
770 	alloc 		115680 	38080 		529024 		129056
771 	alloc 		53984 	153760 		475040 		129056
772 	free 		115680 	0 		590720 		129056
773 	free 		38816 	0 		629536 		129056
774 	alloc 		112032 	0 		517504 		129056
775 	alloc 		5792 	112032 		511712 		129056
776 	free 		31328 	0 		543040 		129056
777 	free 		32544 	0 		575584 		129056
778 	free 		5792 	0 		581376 		129056
779 	alloc 		28384 	0 		552992 		129056
780 	alloc 		121824 	28384 		431168 		129056
781 	free 		18272 	0 		449440 		129056
782 	free 		19808 	0 		469248 		129056
783 	alloc 		15456 	0 		453792 		129056
784 	free 		97952 	0 		551744 		129056
785 	free 		15456 	0 		567200 		129056
786 	free 		105696 	0 		672896 		129056
787 	alloc 		17824 	0 		655072 		129056
788 	free 		112032 	0 		767104 		129056
789 	alloc 		16736 	0 		750368 		129056
790 	free 		56096 	0 		806464 		129056
791 	free 		3360 	0 		809824 		129056
792 	alloc 		81376 	0 		728448 		129056
793 	alloc 		39328 	81376 		689120 		129056
794 	alloc 		34592 	120704 		654528 		129056
795 	free 		53984 	0 		708512 		129056
796 	alloc 		124896 	0 		583616 		129056
797 	free 		39328 	0 		622944 		129056
798 	alloc 		69856 	0 		553088 		129056
799 	alloc 		92640 	69856 		460448 		129056
800 	free 		28384 	0 		488832 		129056
801 	free 		16736 	0 		505568 		129056
802 	alloc 		126624 	0 		378944 		129056
803 	alloc 		16864 	126624 		362080 		129056
804 	free 		92640 	0 		454720 		129056
805 	free 		81376 	0 		536096 		129056
806 	free 		121824 	0 		657920 		129056
807 	alloc 		39520 	0 		618400 		129056
808 	alloc 		4128 	0 		614272 		129056
809 	free 		16864 	0 		631136 		129056
810 	free 		17824 	0 		648960 		129056
811 	alloc 		125984 	0 		522976 		129056
812 	alloc 		107040 	125984 		415936 		129056
813 	alloc 		123808 	233024 		292128 		129056
814 	alloc 		77088 	356832 		215040 		129056
815 	free 		123808 	0 		338848 		129056
816 	free 		126624 	0 		465472 		129056
817 	free 		69856 	0 		535328 		129056
818 	free 		39520 	0 		574848 		129056
819 	alloc 		82912 	0 		491936 		129056
820 	alloc 		51552 	0 		440384 		129056
821 	alloc 		67360 	0 		373024 		129056
822 	free 		34592 	0 		407616 		129056
823 	alloc 		76000 	0 		331616 		129056
824 	alloc 		23840 	0 		307776 		129056
825 	free 		124896 	0 		432672 		129056
826 	free 		76000 	0 		508672 		129056
827 	alloc 		38112 	0 		470560 		129056
828 	alloc 		110112 	0 		360448 		129056
829 	free 		67360 	0 		427808 		129056
830 	free 		110112 	0 		537920 		129056
831 	free 		4128 	0 		542048 		129056
832 	alloc 		2656 	0 		539392 		129056
833 	free 		2656 	0 		542048 		129056
834 	alloc 		120352 	0 		421696 		129056
835 	alloc 		80864 	120352 		340832 		129056
836 	alloc 		48544 	201216 		292288 		129056
837 	free 		125984 	0 		418272 		129056
838 	alloc 		18784 	0 		399488 		129056
839 	alloc 		50592 	0 		348896 		129056
840 	free 		107040 	0 		455936 		129056
841 	alloc 		54880 	0 		401056 		129056
842 	free 		77088 	0 		478144 		129056
843 	free 		51552 	0 		529696 		129056
844 	free 		120352 	0 		650048 		129056
845 	free 		82912 	0 		732960 		129056
846 	alloc 		103264 	0 		629696 		129056
847 	alloc 		114464 	103264 		515232 		129056
848 	free 		103264 	0 		618496 		129056
849 	alloc 		14112 	0 		604384 		129056
850 	free 		48544 	0 		652928 		129056
851 	alloc 		21344 	0 		631584 		129056
852 	free 		114464 	0 		746048 		129056
853 	free 		80864 	0 		826912 		129056
854 	free 		23840 	0 		850752 		129056
855 	alloc 		56928 	0 		793824 		129056
856 	alloc 		126624 	0 		667200 		129056
857 	free 		38112 	0 		705312 		129056
858 	alloc 		63584 	0 		641728 		129056
859 	free 		50592 	0 		692320 		129056
860 	free 		54880 	0 		747200 		129056
861 	alloc 		18912 	0 		728288 		129056
862 	free 		18784 	0 		747072 		129056
863 	alloc 		111328 	0 		635744 		129056
864 	alloc 		113120 	111328 		522624 		129056
865 	alloc 		59104 	224448 		463520 		129056
866 	alloc 		2592 	283552 		460928 		129056
867 	alloc 		800 	286144 		460128 		129056
868 	free 		18912 	0 		479040 		129056
869 	alloc 		92832 	0 		386208 		129056
870 	alloc 		125088 	92832 		261120 		129056
871 	alloc 		124128 	217920 		136992 		129056
872 	free 		800 	0 		137792 		129056
873 	alloc 		80736 	0 		57056 		129056
874 	alloc 		24736 	80736 		32320 		129056
875 	free 		126624 	0 		158944 		129056
876 	free 		14112 	0 		173056 		129056
877 	free 		2592 	0 		175648 		129056
878 	alloc 		58400 	0 		117248 		129056
879 	alloc 		7584 	58400 		109664 		129056
880 	free 		111328 	0 		220992 		129056
881 	free 		21344 	0 		242336 		129056
882 	free 		125088 	0 		367424 		129056
883 	free 		59104 	0 		426528 		129056
884 	free 		63584 	0 		490112 		129056
885 	free 		56928 	0 		547040 		129056
886 	alloc 		117920 	0 		429120 		129056
887 	alloc 		14752 	0 		414368 		129056
888 	free 		124128 	0 		538496 		129056
889 	free 		7584 	0 		546080 		129056
890 	free 		58400 	0 		604480 		129056
891 	free 		113120 	0 		717600 		129056
892 	free 		24736 	0 		742336 		129056
893 	alloc 		107744 	0 		634592 		129056
894 	alloc 		57568 	107744 		577024 		129056
895 	alloc 		160 	165312 		576864 		129056
896 	alloc 		58720 	165472 		518144 		129056
897 	free 		92832 	0 		610976 		129056
898 	alloc 		121440 	0 		489536 		129056
899 	free 		80736 	0 		570272 		129056
900 	alloc 		38496 	0 		531776 		129056
901 	free 		160 	0 		531936 		129056
902 	alloc 		29344 	0 		502592 		129056
903 	free 		117920 	0 		620512 		129056
904 	free 		14752 	0 		635264 		129056
905 	alloc 		25120 	0 		610144 		129056
906 	alloc 		29984 	25120 		580160 		129056
907 	free 		25120 	0 		605280 		129056
908 	free 		107744 	0 		713024 		129056
909 	free 		29984 	0 		743008 		129056
910 	alloc 		59104 	0 		683904 		129056
911 	free 		58720 	0 		742624 		129056
912 	alloc 		77344 	0 		665280 		129056
913 	free 		38496 	0 		703776 		129056
914 	alloc 		25312 	0 		678464 		129056
915 	alloc 		14112 	0 		664352 		129056
916 	free 		57568 	0 		721920 		129056
917 	alloc 		42336 	0 		679584 		129056
918 	alloc 		18976 	0 		660608 		129056
919 	alloc 		68192 	0 		592416 		129056
920 	free 		29344 	0 		621760 		129056
921 	free 		68192 	0 		689952 		129056
922 	free 		59104 	0 		749056 		129056
923 	alloc 		25504 	0 		723552 		129056
924 	free 		121440 	0 		844992 		129056
925 	free 		77344 	0 		922336 		129056
926 	alloc 		4576 	0 		917760 		129056
927 	free 		18976 	0 		936736 		129056
928 	free 		14112 	0 		950848 		129056
929 	alloc 		126048 	0 		824800 		129056
930 	free 		126048 	0 		950848 		129056
931 	alloc 		34464 	0 		916384 		129056
932 	free 		4576 	0 		920960 		129056
933 	alloc 		22240 	0 		898720 		129056
934 	alloc 		30048 	22240 		868672 		129056
935 	free 		25312 	0 		893984 		129056
936 	alloc 		68704 	0 		825280 		129056
937 	alloc 		60768 	68704 		764512 		129056
938 	free 		42336 	0 		806848 		129056
939 	alloc 		126368 	0 		680480 		129056
940 	alloc 		110624 	126368 		569856 		129056
941 	alloc 		57248 	236992 		512608 		129056
942 	free 		22240 	0 		534848 		129056
943 	alloc 		3360 	0 		531488 		129056
944 	alloc 		110496 	3360 		420992 		129056
945 	alloc 		90400 	113856 		330592 		129056
946 	free 		34464 	0 		365056 		129056
947 	free 		90400 	0 		455456 		129056
948 	free 		57248 	0 		512704 		129056
949 	alloc 		50400 	0 		462304 		129056
950 	alloc 		52704 	50400 		409600 		129056
951 	alloc 		116832 	103104 		292768 		129056
952 	free 		126368 	0 		419136 		129056
953 	free 		25504 	0 		444640 		129056
954 	alloc 		16800 	0 		427840 		129056
955 	alloc 		101728 	16800 		326112 		129056
956 	alloc 		37664 	118528 		288448 		129056
957 	free 		16800 	0 		305248 		129056
958 	free 		50400 	0 		355648 		129056
959 	free 		3360 	0 		359008 		129056
960 	alloc 		30368 	0 		328640 		129056
961 	free 		110496 	0 		439136 		129056
962 	alloc 		32672 	0 		406464 		129056
963 	free 		68704 	0 		475168 		129056
964 	free 		30048 	0 		505216 		129056
965 	free 		60768 	0 		565984 		129056
966 	alloc 		41184 	0 		524800 		129056
967 	alloc 		75168 	41184 		449632 		129056
968 	free 		37664 	0 		487296 		129056
969 	free 		110624 	0 		597920 		129056
970 	alloc 		95456 	0 		502464 		129056
971 	free 		101728 	0 		604192 		129056
972 	alloc 		76320 	0 		527872 		129056
973 	free 		76320 	0 		604192 		129056
974 	alloc 		30944 	0 		573248 		129056
975 	alloc 		1376 	0 		571872 		129056
976 	free 		52704 	0 		624576 		129056
977 	free 		116832 	0 		741408 		129056
978 	alloc 		78880 	0 		662528 		129056
979 	free 		30368 	0 		692896 		129056
980 	alloc 		13536 	0 		679360 		129056
981 	alloc 		90656 	13536 		588704 		129056
982 	free 		13536 	0 		602240 		129056
983 	alloc 		4640 	0 		597600 		129056
984 	alloc 		87840 	4640 		509760 		129056
985 	free 		32672 	0 		542432 		129056
986 	alloc 		26592 	0 		515840 		129056
987 	alloc 		42016 	26592 		473824 		129056
988 	free 		1376 	0 		475200 		129056
989 	alloc 		119072 	0 		356128 		129056
990 	free 		41184 	0 		397312 		129056
991 	free 		75168 	0 		472480 		129056
992 	free 		95456 	0 		567936 		129056
993 	free 		30944 	0 		598880 		129056
994 	free 		78880 	0 		677760 		129056
995 	free 		90656 	0 		768416 		129056
996 	free 		4640 	0 		773056 		129056
997 	free 		87840 	0 		860896 		129056
998 	free 		26592 	0 		887488 		129056
999 	free 		42016 	0 		929504 		129056
1000 	free 		119072 	0 		1048576 		129056
0 Allocations Failed