POLICY: FIRST FIT	MEMORY SIZE: 512


NUMBER 	SEQUENCE 	SIZE 	ADR 	MEMORY LEFT 	LARGEST CHUNK
1 	alloc 		99744 	-1 		0 		0
2 	alloc 		111776 	-1 		0 		0
3 	alloc 		64864 	-1 		0 		0
4 	alloc 		91552 	-1 		0 		0
5 	free 		111776 	-1 		524288 		0
6 	free 		91552 	-1 		524288 		0
7 	alloc 		5600 	-1 		0 		0
8 	alloc 		110304 	-1 		0 		0
9 	alloc 		78688 	-1 		0 		0
10 	alloc 		8032 	-1 		0 		0
11 	alloc 		27872 	-1 		0 		0
12 	alloc 		72992 	-1 		0 		0
13 	alloc 		4960 	-1 		0 		0
14 	alloc 		58400 	-1 		0 		0
15 	alloc 		84640 	-1 		0 		0
16 	free 		78688 	-1 		524288 		0
17 	alloc 		25760 	-1 		0 		0
18 	free 		5600 	-1 		524288 		0
19 	free 		64864 	-1 		524288 		0
20 	alloc 		6496 	-1 		0 		0
21 	alloc 		118240 	-1 		0 		0
22 	free 		27872 	-1 		524288 		0
23 	alloc 		44448 	-1 		0 		0
24 	free 		8032 	-1 		524288 		0
25 	alloc 		113440 	-1 		0 		0
26 	free 		99744 	-1 		524288 		0
27 	free 		118240 	-1 		524288 		0
28 	free 		6496 	-1 		524288 		0
29 	free 		84640 	-1 		524288 		0
30 	alloc 		115040 	-1 		0 		0
31 	free 		25760 	-1 		524288 		0
32 	alloc 		55072 	-1 		0 		0
33 	free 		4960 	-1 		524288 		0
34 	free 		44448 	-1 		524288 		0
35 	free 		55072 	-1 		524288 		0
36 	alloc 		57312 	-1 		0 		0
37 	alloc 		101408 	-1 		0 		0
38 	free 		110304 	-1 		524288 		0
39 	free 		72992 	-1 		524288 		0
40 	free 		58400 	-1 		524288 		0
41 	alloc 		71328 	-1 		0 		0
42 	alloc 		26144 	-1 		0 		0
43 	alloc 		55968 	-1 		0 		0
44 	alloc 		17824 	-1 		0 		0
45 	free 		26144 	-1 		524288 		0
46 	free 		57312 	-1 		524288 		0
47 	alloc 		49120 	-1 		0 		0
48 	free 		71328 	-1 		524288 		0
49 	alloc 		87200 	-1 		0 		0
50 	alloc 		16928 	-1 		0 		0
51 	alloc 		10848 	-1 		0 		0
52 	free 		16928 	-1 		524288 		0
53 	free 		87200 	-1 		524288 		0
54 	alloc 		110112 	-1 		0 		0
55 	free 		113440 	-1 		524288 		0
56 	alloc 		36640 	-1 		0 		0
57 	free 		110112 	-1 		524288 		0
58 	alloc 		90592 	-1 		0 		0
59 	alloc 		32 	-1 		0 		0
60 	free 		115040 	-1 		524288 		0
61 	alloc 		57312 	-1 		0 		0
62 	alloc 		113952 	-1 		0 		0
63 	free 		101408 	-1 		524288 		0
64 	alloc 		88160 	-1 		0 		0
65 	free 		55968 	-1 		524288 		0
66 	free 		10848 	-1 		524288 		0
67 	alloc 		35424 	-1 		0 		0
68 	alloc 		7584 	-1 		0 		0
69 	free 		49120 	-1 		524288 		0
70 	free 		7584 	-1 		524288 		0
71 	alloc 		60960 	-1 		0 		0
72 	alloc 		36704 	-1 		0 		0
73 	free 		90592 	-1 		524288 		0
74 	free 		17824 	-1 		524288 		0
75 	alloc 		44512 	-1 		0 		0
76 	alloc 		34656 	-1 		0 		0
77 	free 		32 	-1 		524288 		0
78 	alloc 		85024 	-1 		0 		0
79 	free 		36640 	-1 		524288 		0
80 	alloc 		42080 	-1 		0 		0
81 	alloc 		39520 	-1 		0 		0
82 	alloc 		79840 	-1 		0 		0
83 	free 		42080 	-1 		524288 		0
84 	free 		57312 	-1 		524288 		0
85 	alloc 		79840 	-1 		0 		0
86 	alloc 		110816 	-1 		0 		0
87 	alloc 		61664 	-1 		0 		0
88 	alloc 		51808 	-1 		0 		0
89 	alloc 		53152 	-1 		0 		0
90 	free 		35424 	-1 		524288 		0
91 	free 		113952 	-1 		524288 		0
92 	free 		85024 	-1 		524288 		0
93 	free 		88160 	-1 		524288 		0
94 	free 		44512 	-1 		524288 		0
95 	free 		36704 	-1 		524288 		0
96 	free 		34656 	-1 		524288 		0
97 	free 		39520 	-1 		524288 		0
98 	alloc 		40736 	-1 		0 		0
99 	alloc 		108192 	-1 		0 		0
100 	free 		60960 	-1 		524288 		0
101 	free 		79840 	-1 		524288 		0
102 	alloc 		43552 	-1 		0 		0
103 	alloc 		95840 	-1 		0 		0
104 	free 		40736 	-1 		524288 		0
105 	free 		53152 	-1 		524288 		0
106 	free 		95840 	-1 		524288 		0
107 	alloc 		10464 	-1 		0 		0
108 	alloc 		51552 	-1 		0 		0
109 	free 		110816 	-1 		524288 		0
110 	free 		51552 	-1 		524288 		0
111 	alloc 		31200 	-1 		0 		0
112 	free 		79840 	-1 		524288 		0
113 	free 		51808 	-1 		524288 		0
114 	alloc 		63648 	-1 		0 		0
115 	free 		61664 	-1 		524288 		0
116 	free 		108192 	-1 		524288 		0
117 	alloc 		96480 	-1 		0 		0
118 	alloc 		44832 	-1 		0 		0
119 	alloc 		24864 	-1 		0 		0
120 	free 		24864 	-1 		524288 		0
121 	alloc 		80224 	-1 		0 		0
122 	alloc 		91680 	-1 		0 		0
123 	free 		10464 	-1 		524288 		0
124 	alloc 		94752 	-1 		0 		0
125 	alloc 		113376 	-1 		0 		0
126 	alloc 		82272 	-1 		0 		0
127 	free 		43552 	-1 		524288 		0
128 	free 		31200 	-1 		524288 		0
129 	alloc 		124832 	-1 		0 		0
130 	alloc 		45664 	-1 		0 		0
131 	free 		63648 	-1 		524288 		0
132 	alloc 		94432 	-1 		0 		0
133 	free 		82272 	-1 		524288 		0
134 	free 		94752 	-1 		524288 		0
135 	free 		91680 	-1 		524288 		0
136 	alloc 		44192 	-1 		0 		0
137 	free 		94432 	-1 		524288 		0
138 	alloc 		93856 	-1 		0 		0
139 	alloc 		124064 	-1 		0 		0
140 	free 		44192 	-1 		524288 		0
141 	free 		44832 	-1 		524288 		0
142 	free 		80224 	-1 		524288 		0
143 	alloc 		24288 	-1 		0 		0
144 	free 		96480 	-1 		524288 		0
145 	free 		124064 	-1 		524288 		0
146 	free 		113376 	-1 		524288 		0
147 	alloc 		84000 	-1 		0 		0
148 	alloc 		62688 	-1 		0 		0
149 	free 		84000 	-1 		524288 		0
150 	free 		124832 	-1 		524288 		0
151 	alloc 		123104 	-1 		0 		0
152 	alloc 		84384 	-1 		0 		0
153 	alloc 		67936 	-1 		0 		0
154 	alloc 		67872 	-1 		0 		0
155 	free 		62688 	-1 		524288 		0
156 	free 		45664 	-1 		524288 		0
157 	alloc 		91104 	-1 		0 		0
158 	alloc 		21280 	-1 		0 		0
159 	alloc 		8480 	-1 		0 		0
160 	free 		93856 	-1 		524288 		0
161 	alloc 		27872 	-1 		0 		0
162 	alloc 		30304 	-1 		0 		0
163 	alloc 		44256 	-1 		0 		0
164 	free 		21280 	-1 		524288 		0
165 	alloc 		93408 	-1 		0 		0
166 	alloc 		46368 	-1 		0 		0
167 	alloc 		47584 	-1 		0 		0
168 	free 		91104 	-1 		524288 		0
169 	free 		44256 	-1 		524288 		0
170 	free 		123104 	-1 		524288 		0
171 	free 		24288 	-1 		524288 		0
172 	alloc 		122528 	-1 		0 		0
173 	alloc 		56800 	-1 		0 		0
174 	free 		67936 	-1 		524288 		0
175 	free 		67872 	-1 		524288 		0
176 	alloc 		69984 	-1 		0 		0
177 	free 		84384 	-1 		524288 		0
178 	alloc 		92448 	-1 		0 		0
179 	alloc 		18400 	-1 		0 		0
180 	free 		27872 	-1 		524288 		0
181 	free 		8480 	-1 		524288 		0
182 	free 		122528 	-1 		524288 		0
183 	free 		30304 	-1 		524288 		0
184 	alloc 		74080 	-1 		0 		0
185 	alloc 		114656 	-1 		0 		0
186 	alloc 		93216 	-1 		0 		0
187 	alloc 		103776 	-1 		0 		0
188 	alloc 		3936 	-1 		0 		0
189 	free 		46368 	-1 		524288 		0
190 	free 		93408 	-1 		524288 		0
191 	free 		69984 	-1 		524288 		0
192 	free 		47584 	-1 		524288 		0
193 	alloc 		94240 	-1 		0 		0
194 	free 		93216 	-1 		524288 		0
195 	free 		18400 	-1 		524288 		0
196 	alloc 		112480 	-1 		0 		0
197 	free 		56800 	-1 		524288 		0
198 	free 		103776 	-1 		524288 		0
199 	alloc 		102560 	-1 		0 		0
200 	alloc 		91424 	-1 		0 		0
201 	alloc 		69472 	-1 		0 		0
202 	alloc 		15328 	-1 		0 		0
203 	alloc 		14240 	-1 		0 		0
204 	alloc 		105760 	-1 		0 		0
205 	free 		92448 	-1 		524288 		0
206 	free 		74080 	-1 		524288 		0
207 	alloc 		80608 	-1 		0 		0
208 	alloc 		101536 	-1 		0 		0
209 	free 		91424 	-1 		524288 		0
210 	alloc 		63648 	-1 		0 		0
211 	free 		112480 	-1 		524288 		0
212 	alloc 		46304 	-1 		0 		0
213 	alloc 		112480 	-1 		0 		0
214 	free 		114656 	-1 		524288 		0
215 	free 		3936 	-1 		524288 		0
216 	alloc 		48992 	-1 		0 		0
217 	alloc 		128224 	-1 		0 		0
218 	alloc 		65568 	-1 		0 		0
219 	alloc 		14816 	-1 		0 		0
220 	free 		15328 	-1 		524288 		0
221 	free 		46304 	-1 		524288 		0
222 	free 		94240 	-1 		524288 		0
223 	free 		63648 	-1 		524288 		0
224 	free 		14816 	-1 		524288 		0
225 	free 		69472 	-1 		524288 		0
226 	alloc 		122592 	-1 		0 		0
227 	alloc 		16480 	-1 		0 		0
228 	free 		101536 	-1 		524288 		0
229 	free 		102560 	-1 		524288 		0
230 	alloc 		122080 	-1 		0 		0
231 	free 		14240 	-1 		524288 		0
232 	free 		112480 	-1 		524288 		0
233 	free 		105760 	-1 		524288 		0
234 	alloc 		116000 	-1 		0 		0
235 	alloc 		65824 	-1 		0 		0
236 	alloc 		110944 	-1 		0 		0
237 	free 		80608 	-1 		524288 		0
238 	alloc 		36192 	-1 		0 		0
239 	alloc 		58336 	-1 		0 		0
240 	free 		48992 	-1 		524288 		0
241 	free 		122592 	-1 		524288 		0
242 	free 		116000 	-1 		524288 		0
243 	alloc 		57184 	-1 		0 		0
244 	free 		16480 	-1 		524288 		0
245 	free 		65568 	-1 		524288 		0
246 	free 		128224 	-1 		524288 		0
247 	alloc 		105632 	-1 		0 		0
248 	alloc 		121056 	-1 		0 		0
249 	free 		121056 	-1 		524288 		0
250 	free 		122080 	-1 		524288 		0
251 	alloc 		42080 	-1 		0 		0
252 	alloc 		87328 	-1 		0 		0
253 	alloc 		8352 	-1 		0 		0
254 	alloc 		48416 	-1 		0 		0
255 	free 		105632 	-1 		524288 		0
256 	free 		42080 	-1 		524288 		0
257 	alloc 		17312 	-1 		0 		0
258 	free 		57184 	-1 		524288 		0
259 	alloc 		63136 	-1 		0 		0
260 	free 		110944 	-1 		524288 		0
261 	free 		65824 	-1 		524288 		0
262 	alloc 		47328 	-1 		0 		0
263 	free 		36192 	-1 		524288 		0
264 	free 		58336 	-1 		524288 		0
265 	alloc 		52256 	-1 		0 		0
266 	alloc 		118048 	-1 		0 		0
267 	alloc 		98656 	-1 		0 		0
268 	alloc 		11552 	-1 		0 		0
269 	alloc 		125344 	-1 		0 		0
270 	free 		17312 	-1 		524288 		0
271 	alloc 		116064 	-1 		0 		0
272 	alloc 		69664 	-1 		0 		0
273 	free 		116064 	-1 		524288 		0
274 	free 		48416 	-1 		524288 		0
275 	alloc 		114976 	-1 		0 		0
276 	alloc 		44064 	-1 		0 		0
277 	free 		8352 	-1 		524288 		0
278 	alloc 		39520 	-1 		0 		0
279 	alloc 		106784 	-1 		0 		0
280 	free 		47328 	-1 		524288 		0
281 	free 		87328 	-1 		524288 		0
282 	free 		63136 	-1 		524288 		0
283 	alloc 		24096 	-1 		0 		0
284 	alloc 		71968 	-1 		0 		0
285 	free 		44064 	-1 		524288 		0
286 	alloc 		58976 	-1 		0 		0
287 	free 		69664 	-1 		524288 		0
288 	free 		98656 	-1 		524288 		0
289 	free 		125344 	-1 		524288 		0
290 	free 		106784 	-1 		524288 		0
291 	free 		52256 	-1 		524288 		0
292 	alloc 		111008 	-1 		0 		0
293 	free 		11552 	-1 		524288 		0
294 	alloc 		42336 	-1 		0 		0
295 	alloc 		121184 	-1 		0 		0
296 	free 		118048 	-1 		524288 		0
297 	alloc 		26848 	-1 		0 		0
298 	alloc 		77216 	-1 		0 		0
299 	alloc 		103776 	-1 		0 		0
300 	alloc 		120480 	-1 		0 		0
301 	free 		71968 	-1 		524288 		0
302 	alloc 		118560 	-1 		0 		0
303 	alloc 		42080 	-1 		0 		0
304 	free 		114976 	-1 		524288 		0
305 	free 		39520 	-1 		524288 		0
306 	free 		42336 	-1 		524288 		0
307 	alloc 		72992 	-1 		0 		0
308 	free 		118560 	-1 		524288 		0
309 	alloc 		44512 	-1 		0 		0
310 	free 		120480 	-1 		524288 		0
311 	alloc 		32224 	-1 		0 		0
312 	alloc 		87648 	-1 		0 		0
313 	free 		24096 	-1 		524288 		0
314 	alloc 		32352 	-1 		0 		0
315 	free 		58976 	-1 		524288 		0
316 	free 		26848 	-1 		524288 		0
317 	free 		111008 	-1 		524288 		0
318 	alloc 		63584 	-1 		0 		0
319 	free 		42080 	-1 		524288 		0
320 	alloc 		30624 	-1 		0 		0
321 	alloc 		18336 	-1 		0 		0
322 	free 		121184 	-1 		524288 		0
323 	free 		44512 	-1 		524288 		0
324 	alloc 		224 	-1 		0 		0
325 	free 		103776 	-1 		524288 		0
326 	alloc 		113760 	-1 		0 		0
327 	free 		77216 	-1 		524288 		0
328 	alloc 		12960 	-1 		0 		0
329 	alloc 		46688 	-1 		0 		0
330 	alloc 		44128 	-1 		0 		0
331 	alloc 		86176 	-1 		0 		0
332 	alloc 		109792 	-1 		0 		0
333 	free 		32352 	-1 		524288 		0
334 	alloc 		74784 	-1 		0 		0
335 	free 		72992 	-1 		524288 		0
336 	alloc 		1376 	-1 		0 		0
337 	free 		113760 	-1 		524288 		0
338 	free 		30624 	-1 		524288 		0
339 	free 		32224 	-1 		524288 		0
340 	free 		87648 	-1 		524288 		0
341 	alloc 		50848 	-1 		0 		0
342 	alloc 		80800 	-1 		0 		0
343 	free 		63584 	-1 		524288 		0
344 	free 		12960 	-1 		524288 		0
345 	alloc 		117088 	-1 		0 		0
346 	alloc 		112864 	-1 		0 		0
347 	alloc 		3616 	-1 		0 		0
348 	free 		224 	-1 		524288 		0
349 	alloc 		56224 	-1 		0 		0
350 	alloc 		128160 	-1 		0 		0
351 	free 		18336 	-1 		524288 		0
352 	alloc 		85472 	-1 		0 		0
353 	free 		44128 	-1 		524288 		0
354 	alloc 		55456 	-1 		0 		0
355 	free 		46688 	-1 		524288 		0
356 	free 		74784 	-1 		524288 		0
357 	free 		1376 	-1 		524288 		0
358 	free 		109792 	-1 		524288 		0
359 	free 		86176 	-1 		524288 		0
360 	alloc 		23264 	-1 		0 		0
361 	free 		50848 	-1 		524288 		0
362 	free 		80800 	-1 		524288 		0
363 	free 		117088 	-1 		524288 		0
364 	alloc 		37792 	-1 		0 		0
365 	free 		3616 	-1 		524288 		0
366 	free 		23264 	-1 		524288 		0
367 	free 		56224 	-1 		524288 		0
368 	alloc 		69728 	-1 		0 		0
369 	alloc 		2208 	-1 		0 		0
370 	alloc 		6368 	-1 		0 		0
371 	alloc 		40608 	-1 		0 		0
372 	alloc 		103328 	-1 		0 		0
373 	alloc 		53280 	-1 		0 		0
374 	free 		112864 	-1 		524288 		0
375 	alloc 		87200 	-1 		0 		0
376 	free 		69728 	-1 		524288 		0
377 	alloc 		70752 	-1 		0 		0
378 	alloc 		68832 	-1 		0 		0
379 	free 		85472 	-1 		524288 		0
380 	free 		128160 	-1 		524288 		0
381 	alloc 		36000 	-1 		0 		0
382 	free 		55456 	-1 		524288 		0
383 	free 		37792 	-1 		524288 		0
384 	alloc 		117344 	-1 		0 		0
385 	alloc 		46176 	-1 		0 		0
386 	free 		87200 	-1 		524288 		0
387 	alloc 		83872 	-1 		0 		0
388 	free 		40608 	-1 		524288 		0
389 	alloc 		118112 	-1 		0 		0
390 	free 		36000 	-1 		524288 		0
391 	free 		103328 	-1 		524288 		0
392 	alloc 		91808 	-1 		0 		0
393 	free 		53280 	-1 		524288 		0
394 	alloc 		40608 	-1 		0 		0
395 	alloc 		27040 	-1 		0 		0
396 	free 		118112 	-1 		524288 		0
397 	free 		6368 	-1 		524288 		0
398 	free 		2208 	-1 		524288 		0
399 	alloc 		37344 	-1 		0 		0
400 	alloc 		45152 	-1 		0 		0
401 	alloc 		21152 	-1 		0 		0
402 	alloc 		107168 	-1 		0 		0
403 	alloc 		72416 	-1 		0 		0
404 	free 		83872 	-1 		524288 		0
405 	free 		70752 	-1 		524288 		0
406 	alloc 		30944 	-1 		0 		0
407 	free 		68832 	-1 		524288 		0
408 	alloc 		66208 	-1 		0 		0
409 	alloc 		108512 	-1 		0 		0
410 	free 		45152 	-1 		524288 		0
411 	free 		91808 	-1 		524288 		0
412 	alloc 		64160 	-1 		0 		0
413 	free 		46176 	-1 		524288 		0
414 	free 		117344 	-1 		524288 		0
415 	alloc 		22304 	-1 		0 		0
416 	free 		21152 	-1 		524288 		0
417 	alloc 		28896 	-1 		0 		0
418 	free 		27040 	-1 		524288 		0
419 	free 		37344 	-1 		524288 		0
420 	free 		40608 	-1 		524288 		0
421 	free 		72416 	-1 		524288 		0
422 	free 		66208 	-1 		524288 		0
423 	alloc 		61856 	-1 		0 		0
424 	free 		107168 	-1 		524288 		0
425 	free 		30944 	-1 		524288 		0
426 	alloc 		54688 	-1 		0 		0
427 	alloc 		7648 	-1 		0 		0
428 	alloc 		85728 	-1 		0 		0
429 	alloc 		111136 	-1 		0 		0
430 	free 		28896 	-1 		524288 		0
431 	free 		54688 	-1 		524288 		0
432 	free 		22304 	-1 		524288 		0
433 	alloc 		10784 	-1 		0 		0
434 	alloc 		95520 	-1 		0 		0
435 	free 		61856 	-1 		524288 		0
436 	free 		108512 	-1 		524288 		0
437 	free 		111136 	-1 		524288 		0
438 	alloc 		67104 	-1 		0 		0
439 	alloc 		129184 	-1 		0 		0
440 	free 		64160 	-1 		524288 		0
441 	free 		10784 	-1 		524288 		0
442 	alloc 		7904 	-1 		0 		0
443 	free 		85728 	-1 		524288 		0
444 	alloc 		18784 	-1 		0 		0
445 	alloc 		40032 	-1 		0 		0
446 	alloc 		119200 	-1 		0 		0
447 	alloc 		28384 	-1 		0 		0
448 	alloc 		103264 	-1 		0 		0
449 	alloc 		74464 	-1 		0 		0
450 	alloc 		3936 	-1 		0 		0
451 	free 		129184 	-1 		524288 		0
452 	alloc 		13728 	-1 		0 		0
453 	free 		7904 	-1 		524288 		0
454 	free 		67104 	-1 		524288 		0
455 	alloc 		89696 	-1 		0 		0
456 	free 		119200 	-1 		524288 		0
457 	free 		7648 	-1 		524288 		0
458 	free 		74464 	-1 		524288 		0
459 	free 		103264 	-1 		524288 		0
460 	alloc 		96224 	-1 		0 		0
461 	alloc 		114784 	-1 		0 		0
462 	free 		89696 	-1 		524288 		0
463 	free 		40032 	-1 		524288 		0
464 	free 		95520 	-1 		524288 		0
465 	alloc 		47200 	-1 		0 		0
466 	alloc 		45152 	-1 		0 		0
467 	free 		3936 	-1 		524288 		0
468 	alloc 		11680 	-1 		0 		0
469 	alloc 		91040 	-1 		0 		0
470 	free 		11680 	-1 		524288 		0
471 	alloc 		126944 	-1 		0 		0
472 	free 		28384 	-1 		524288 		0
473 	free 		126944 	-1 		524288 		0
474 	free 		18784 	-1 		524288 		0
475 	alloc 		105248 	-1 		0 		0
476 	alloc 		111264 	-1 		0 		0
477 	free 		96224 	-1 		524288 		0
478 	alloc 		54624 	-1 		0 		0
479 	free 		13728 	-1 		524288 		0
480 	free 		91040 	-1 		524288 		0
481 	free 		45152 	-1 		524288 		0
482 	free 		111264 	-1 		524288 		0
483 	free 		114784 	-1 		524288 		0
484 	alloc 		115872 	-1 		0 		0
485 	alloc 		97376 	-1 		0 		0
486 	alloc 		71264 	-1 		0 		0
487 	alloc 		30880 	-1 		0 		0
488 	alloc 		34016 	-1 		0 		0
489 	alloc 		121504 	-1 		0 		0
490 	alloc 		34784 	-1 		0 		0
491 	free 		47200 	-1 		524288 		0
492 	alloc 		41248 	-1 		0 		0
493 	alloc 		63904 	-1 		0 		0
494 	free 		121504 	-1 		524288 		0
495 	alloc 		127520 	-1 		0 		0
496 	free 		41248 	-1 		524288 		0
497 	free 		71264 	-1 		524288 		0
498 	free 		54624 	-1 		524288 		0
499 	free 		115872 	-1 		524288 		0
500 	alloc 		33760 	-1 		0 		0
501 	free 		105248 	-1 		524288 		0
502 	alloc 		78112 	-1 		0 		0
503 	free 		127520 	-1 		524288 		0
504 	alloc 		40928 	-1 		0 		0
505 	alloc 		32800 	-1 		0 		0
506 	alloc 		17568 	-1 		0 		0
507 	free 		63904 	-1 		524288 		0
508 	free 		97376 	-1 		524288 		0
509 	free 		30880 	-1 		524288 		0
510 	free 		34016 	-1 		524288 		0
511 	alloc 		32672 	-1 		0 		0
512 	alloc 		93280 	-1 		0 		0
513 	free 		33760 	-1 		524288 		0
514 	alloc 		129056 	-1 		0 		0
515 	free 		32800 	-1 		524288 		0
516 	free 		17568 	-1 		524288 		0
517 	free 		34784 	-1 		524288 		0
518 	alloc 		123872 	-1 		0 		0
519 	alloc 		40160 	-1 		0 		0
520 	alloc 		108320 	-1 		0 		0
521 	alloc 		14752 	-1 		0 		0
522 	alloc 		92512 	-1 		0 		0
523 	free 		123872 	-1 		524288 		0
524 	free 		129056 	-1 		524288 		0
525 	free 		40928 	-1 		524288 		0
526 	free 		108320 	-1 		524288 		0
527 	alloc 		71904 	-1 		0 		0
528 	alloc 		32608 	-1 		0 		0
529 	free 		78112 	-1 		524288 		0
530 	alloc 		19360 	-1 		0 		0
531 	alloc 		76256 	-1 		0 		0
532 	alloc 		83040 	-1 		0 		0
533 	free 		32672 	-1 		524288 		0
534 	free 		92512 	-1 		524288 		0
535 	alloc 		117408 	-1 		0 		0
536 	alloc 		103520 	-1 		0 		0
537 	alloc 		55584 	-1 		0 		0
538 	alloc 		35168 	-1 		0 		0
539 	free 		14752 	-1 		524288 		0
540 	free 		35168 	-1 		524288 		0
541 	free 		93280 	-1 		524288 		0
542 	alloc 		57888 	-1 		0 		0
543 	free 		40160 	-1 		524288 		0
544 	alloc 		105312 	-1 		0 		0
545 	free 		76256 	-1 		524288 		0
546 	alloc 		23584 	-1 		0 		0
547 	alloc 		95584 	-1 		0 		0
548 	free 		23584 	-1 		524288 		0
549 	alloc 		33632 	-1 		0 		0
550 	free 		71904 	-1 		524288 		0
551 	alloc 		117344 	-1 		0 		0
552 	free 		32608 	-1 		524288 		0
553 	free 		19360 	-1 		524288 		0
554 	alloc 		49888 	-1 		0 		0
555 	free 		49888 	-1 		524288 		0
556 	alloc 		126048 	-1 		0 		0
557 	free 		95584 	-1 		524288 		0
558 	free 		126048 	-1 		524288 		0
559 	free 		117408 	-1 		524288 		0
560 	free 		83040 	-1 		524288 		0
561 	alloc 		76064 	-1 		0 		0
562 	alloc 		36832 	-1 		0 		0
563 	free 		57888 	-1 		524288 		0
564 	free 		105312 	-1 		524288 		0
565 	free 		55584 	-1 		524288 		0
566 	free 		103520 	-1 		524288 		0
567 	alloc 		71008 	-1 		0 		0
568 	alloc 		8672 	-1 		0 		0
569 	free 		117344 	-1 		524288 		0
570 	alloc 		49760 	-1 		0 		0
571 	alloc 		94816 	-1 		0 		0
572 	free 		94816 	-1 		524288 		0
573 	alloc 		127328 	-1 		0 		0
574 	free 		36832 	-1 		524288 		0
575 	free 		76064 	-1 		524288 		0
576 	alloc 		72992 	-1 		0 		0
577 	free 		33632 	-1 		524288 		0
578 	free 		127328 	-1 		524288 		0
579 	alloc 		93408 	-1 		0 		0
580 	alloc 		81568 	-1 		0 		0
581 	alloc 		100960 	-1 		0 		0
582 	alloc 		52576 	-1 		0 		0
583 	alloc 		69664 	-1 		0 		0
584 	alloc 		75040 	-1 		0 		0
585 	free 		75040 	-1 		524288 		0
586 	alloc 		82656 	-1 		0 		0
587 	alloc 		72864 	-1 		0 		0
588 	free 		71008 	-1 		524288 		0
589 	alloc 		62432 	-1 		0 		0
590 	alloc 		53280 	-1 		0 		0
591 	alloc 		48992 	-1 		0 		0
592 	alloc 		58208 	-1 		0 		0
593 	free 		93408 	-1 		524288 		0
594 	free 		49760 	-1 		524288 		0
595 	free 		62432 	-1 		524288 		0
596 	free 		8672 	-1 		524288 		0
597 	free 		48992 	-1 		524288 		0
598 	free 		72864 	-1 		524288 		0
599 	alloc 		55456 	-1 		0 		0
600 	alloc 		35232 	-1 		0 		0
601 	free 		72992 	-1 		524288 		0
602 	free 		35232 	-1 		524288 		0
603 	alloc 		1824 	-1 		0 		0
604 	alloc 		65568 	-1 		0 		0
605 	alloc 		57440 	-1 		0 		0
606 	free 		1824 	-1 		524288 		0
607 	free 		81568 	-1 		524288 		0
608 	free 		52576 	-1 		524288 		0
609 	alloc 		24288 	-1 		0 		0
610 	alloc 		91040 	-1 		0 		0
611 	free 		100960 	-1 		524288 		0
612 	alloc 		102944 	-1 		0 		0
613 	free 		69664 	-1 		524288 		0
614 	alloc 		78304 	-1 		0 		0
615 	free 		82656 	-1 		524288 		0
616 	free 		55456 	-1 		524288 		0
617 	alloc 		98528 	-1 		0 		0
618 	alloc 		54304 	-1 		0 		0
619 	free 		53280 	-1 		524288 		0
620 	free 		58208 	-1 		524288 		0
621 	alloc 		126240 	-1 		0 		0
622 	free 		24288 	-1 		524288 		0
623 	alloc 		97568 	-1 		0 		0
624 	free 		57440 	-1 		524288 		0
625 	free 		54304 	-1 		524288 		0
626 	alloc 		78560 	-1 		0 		0
627 	alloc 		57952 	-1 		0 		0
628 	free 		65568 	-1 		524288 		0
629 	alloc 		81184 	-1 		0 		0
630 	free 		91040 	-1 		524288 		0
631 	alloc 		76000 	-1 		0 		0
632 	alloc 		108896 	-1 		0 		0
633 	alloc 		15136 	-1 		0 		0
634 	alloc 		65696 	-1 		0 		0
635 	alloc 		100448 	-1 		0 		0
636 	free 		78560 	-1 		524288 		0
637 	free 		97568 	-1 		524288 		0
638 	free 		15136 	-1 		524288 		0
639 	free 		98528 	-1 		524288 		0
640 	free 		102944 	-1 		524288 		0
641 	alloc 		67424 	-1 		0 		0
642 	free 		65696 	-1 		524288 		0
643 	free 		78304 	-1 		524288 		0
644 	alloc 		15648 	-1 		0 		0
645 	alloc 		19744 	-1 		0 		0
646 	alloc 		117536 	-1 		0 		0
647 	free 		126240 	-1 		524288 		0
648 	free 		67424 	-1 		524288 		0
649 	free 		81184 	-1 		524288 		0
650 	alloc 		76512 	-1 		0 		0
651 	alloc 		80928 	-1 		0 		0
652 	alloc 		41568 	-1 		0 		0
653 	free 		100448 	-1 		524288 		0
654 	alloc 		48608 	-1 		0 		0
655 	free 		76000 	-1 		524288 		0
656 	free 		57952 	-1 		524288 		0
657 	free 		108896 	-1 		524288 		0
658 	alloc 		55712 	-1 		0 		0
659 	free 		19744 	-1 		524288 		0
660 	free 		55712 	-1 		524288 		0
661 	alloc 		27296 	-1 		0 		0
662 	free 		117536 	-1 		524288 		0
663 	alloc 		127584 	-1 		0 		0
664 	alloc 		12704 	-1 		0 		0
665 	free 		15648 	-1 		524288 		0
666 	free 		41568 	-1 		524288 		0
667 	alloc 		105632 	-1 		0 		0
668 	free 		80928 	-1 		524288 		0
669 	free 		105632 	-1 		524288 		0
670 	alloc 		53664 	-1 		0 		0
671 	alloc 		30752 	-1 		0 		0
672 	free 		53664 	-1 		524288 		0
673 	alloc 		51552 	-1 		0 		0
674 	alloc 		59232 	-1 		0 		0
675 	free 		48608 	-1 		524288 		0
676 	alloc 		126816 	-1 		0 		0
677 	free 		12704 	-1 		524288 		0
678 	alloc 		54688 	-1 		0 		0
679 	alloc 		9760 	-1 		0 		0
680 	free 		76512 	-1 		524288 		0
681 	alloc 		111456 	-1 		0 		0
682 	alloc 		28896 	-1 		0 		0
683 	alloc 		45088 	-1 		0 		0
684 	free 		30752 	-1 		524288 		0
685 	alloc 		11040 	-1 		0 		0
686 	free 		127584 	-1 		524288 		0
687 	alloc 		52000 	-1 		0 		0
688 	alloc 		16736 	-1 		0 		0
689 	alloc 		62816 	-1 		0 		0
690 	free 		16736 	-1 		524288 		0
691 	free 		27296 	-1 		524288 		0
692 	free 		59232 	-1 		524288 		0
693 	free 		51552 	-1 		524288 		0
694 	alloc 		3040 	-1 		0 		0
695 	alloc 		56672 	-1 		0 		0
696 	alloc 		31584 	-1 		0 		0
697 	free 		28896 	-1 		524288 		0
698 	free 		45088 	-1 		524288 		0
699 	free 		9760 	-1 		524288 		0
700 	free 		111456 	-1 		524288 		0
701 	alloc 		81888 	-1 		0 		0
702 	free 		11040 	-1 		524288 		0
703 	alloc 		44320 	-1 		0 		0
704 	alloc 		75040 	-1 		0 		0
705 	free 		126816 	-1 		524288 		0
706 	free 		54688 	-1 		524288 		0
707 	alloc 		113376 	-1 		0 		0
708 	free 		44320 	-1 		524288 		0
709 	alloc 		21472 	-1 		0 		0
710 	alloc 		19744 	-1 		0 		0
711 	free 		52000 	-1 		524288 		0
712 	free 		3040 	-1 		524288 		0
713 	alloc 		123936 	-1 		0 		0
714 	alloc 		117664 	-1 		0 		0
715 	free 		81888 	-1 		524288 		0
716 	free 		62816 	-1 		524288 		0
717 	alloc 		71712 	-1 		0 		0
718 	free 		113376 	-1 		524288 		0
719 	alloc 		31584 	-1 		0 		0
720 	free 		56672 	-1 		524288 		0
721 	alloc 		114592 	-1 		0 		0
722 	free 		71712 	-1 		524288 		0
723 	alloc 		608 	-1 		0 		0
724 	alloc 		19360 	-1 		0 		0
725 	alloc 		58592 	-1 		0 		0
726 	free 		31584 	-1 		524288 		0
727 	free 		21472 	-1 		524288 		0
728 	free 		58592 	-1 		524288 		0
729 	alloc 		51360 	-1 		0 		0
730 	free 		123936 	-1 		524288 		0
731 	free 		75040 	-1 		524288 		0
732 	free 		19744 	-1 		524288 		0
733 	alloc 		22112 	-1 		0 		0
734 	alloc 		108960 	-1 		0 		0
735 	alloc 		18016 	-1 		0 		0
736 	alloc 		24864 	-1 		0 		0
737 	alloc 		92064 	-1 		0 		0
738 	free 		108960 	-1 		524288 		0
739 	alloc 		88800 	-1 		0 		0
740 	free 		114592 	-1 		524288 		0
741 	alloc 		27296 	-1 		0 		0
742 	free 		31584 	-1 		524288 		0
743 	free 		117664 	-1 		524288 		0
744 	free 		608 	-1 		524288 		0
745 	free 		88800 	-1 		524288 		0
746 	alloc 		99040 	-1 		0 		0
747 	free 		19360 	-1 		524288 		0
748 	free 		22112 	-1 		524288 		0
749 	alloc 		117920 	-1 		0 		0
750 	free 		99040 	-1 		524288 		0
751 	free 		92064 	-1 		524288 		0
752 	free 		18016 	-1 		524288 		0
753 	alloc 		76064 	-1 		0 		0
754 	free 		51360 	-1 		524288 		0
755 	alloc 		38816 	-1 		0 		0
756 	alloc 		32544 	-1 		0 		0
757 	free 		76064 	-1 		524288 		0
758 	alloc 		22880 	-1 		0 		0
759 	free 		24864 	-1 		524288 		0
760 	alloc 		56096 	-1 		0 		0
761 	alloc 		31328 	-1 		0 		0
762 	alloc 		3360 	-1 		0 		0
763 	free 		22880 	-1 		524288 		0
764 	alloc 		105696 	-1 		0 		0
765 	alloc 		97952 	-1 		0 		0
766 	free 		117920 	-1 		524288 		0
767 	free 		27296 	-1 		524288 		0
768 	alloc 		19808 	-1 		0 		0
769 	alloc 		18272 	-1 		0 		0
770 	alloc 		115680 	-1 		0 		0
771 	alloc 		53984 	-1 		0 		0
772 	free 		115680 	-1 		524288 		0
773 	free 		38816 	-1 		524288 		0
774 	alloc 		112032 	-1 		0 		0
775 	alloc 		5792 	-1 		0 		0
776 	free 		31328 	-1 		524288 		0
777 	free 		32544 	-1 		524288 		0
778 	free 		5792 	-1 		524288 		0
779 	alloc 		28384 	-1 		0 		0
780 	alloc 		121824 	-1 		0 		0
781 	free 		18272 	-1 		524288 		0
782 	free 		19808 	-1 		524288 		0
783 	alloc 		15456 	-1 		0 		0
784 	free 		97952 	-1 		524288 		0
785 	free 		15456 	-1 		524288 		0
786 	free 		105696 	-1 		524288 		0
787 	alloc 		17824 	-1 		0 		0
788 	free 		112032 	-1 		524288 		0
789 	alloc 		16736 	-1 		0 		0
790 	free 		56096 	-1 		524288 		0
791 	free 		3360 	-1 		524288 		0
792 	alloc 		81376 	-1 		0 		0
793 	alloc 		39328 	-1 		0 		0
794 	alloc 		34592 	-1 		0 		0
795 	free 		53984 	-1 		524288 		0
796 	alloc 		124896 	-1 		0 		0
797 	free 		39328 	-1 		524288 		0
798 	alloc 		69856 	-1 		0 		0
799 	alloc 		92640 	-1 		0 		0
800 	free 		28384 	-1 		524288 		0
801 	free 		16736 	-1 		524288 		0
802 	alloc 		126624 	-1 		0 		0
803 	alloc 		16864 	-1 		0 		0
804 	free 		92640 	-1 		524288 		0
805 	free 		81376 	-1 		524288 		0
806 	free 		121824 	-1 		524288 		0
807 	alloc 		39520 	-1 		0 		0
808 	alloc 		4128 	-1 		0 		0
809 	free 		16864 	-1 		524288 		0
810 	free 		17824 	-1 		524288 		0
811 	alloc 		125984 	-1 		0 		0
812 	alloc 		107040 	-1 		0 		0
813 	alloc 		123808 	-1 		0 		0
814 	alloc 		77088 	-1 		0 		0
815 	free 		123808 	-1 		524288 		0
816 	free 		126624 	-1 		524288 		0
817 	free 		69856 	-1 		524288 		0
818 	free 		39520 	-1 		524288 		0
819 	alloc 		82912 	-1 		0 		0
820 	alloc 		51552 	-1 		0 		0
821 	alloc 		67360 	-1 		0 		0
822 	free 		34592 	-1 		524288 		0
823 	alloc 		76000 	-1 		0 		0
824 	alloc 		23840 	-1 		0 		0
825 	free 		124896 	-1 		524288 		0
826 	free 		76000 	-1 		524288 		0
827 	alloc 		38112 	-1 		0 		0
828 	alloc 		110112 	-1 		0 		0
829 	free 		67360 	-1 		524288 		0
830 	free 		110112 	-1 		524288 		0
831 	free 		4128 	-1 		524288 		0
832 	alloc 		2656 	-1 		0 		0
833 	free 		2656 	-1 		524288 		0
834 	alloc 		120352 	-1 		0 		0
835 	alloc 		80864 	-1 		0 		0
836 	alloc 		48544 	-1 		0 		0
837 	free 		125984 	-1 		524288 		0
838 	alloc 		18784 	-1 		0 		0
839 	alloc 		50592 	-1 		0 		0
840 	free 		107040 	-1 		524288 		0
841 	alloc 		54880 	-1 		0 		0
842 	free 		77088 	-1 		524288 		0
843 	free 		51552 	-1 		524288 		0
844 	free 		120352 	-1 		524288 		0
845 	free 		82912 	-1 		524288 		0
846 	alloc 		103264 	-1 		0 		0
847 	alloc 		114464 	-1 		0 		0
848 	free 		103264 	-1 		524288 		0
849 	alloc 		14112 	-1 		0 		0
850 	free 		48544 	-1 		524288 		0
851 	alloc 		21344 	-1 		0 		0
852 	free 		114464 	-1 		524288 		0
853 	free 		80864 	-1 		524288 		0
854 	free 		23840 	-1 		524288 		0
855 	alloc 		56928 	-1 		0 		0
856 	alloc 		126624 	-1 		0 		0
857 	free 		38112 	-1 		524288 		0
858 	alloc 		63584 	-1 		0 		0
859 	free 		50592 	-1 		524288 		0
860 	free 		54880 	-1 		524288 		0
861 	alloc 		18912 	-1 		0 		0
862 	free 		18784 	-1 		524288 		0
863 	alloc 		111328 	-1 		0 		0
864 	alloc 		113120 	-1 		0 		0
865 	alloc 		59104 	-1 		0 		0
866 	alloc 		2592 	-1 		0 		0
867 	alloc 		800 	-1 		0 		0
868 	free 		18912 	-1 		524288 		0
869 	alloc 		92832 	-1 		0 		0
870 	alloc 		125088 	-1 		0 		0
871 	alloc 		124128 	-1 		0 		0
872 	free 		800 	-1 		524288 		0
873 	alloc 		80736 	-1 		0 		0
874 	alloc 		24736 	-1 		0 		0
875 	free 		126624 	-1 		524288 		0
876 	free 		14112 	-1 		524288 		0
877 	free 		2592 	-1 		524288 		0
878 	alloc 		58400 	-1 		0 		0
879 	alloc 		7584 	-1 		0 		0
880 	free 		111328 	-1 		524288 		0
881 	free 		21344 	-1 		524288 		0
882 	free 		125088 	-1 		524288 		0
883 	free 		59104 	-1 		524288 		0
884 	free 		63584 	-1 		524288 		0
885 	free 		56928 	-1 		524288 		0
886 	alloc 		117920 	-1 		0 		0
887 	alloc 		14752 	-1 		0 		0
888 	free 		124128 	-1 		524288 		0
889 	free 		7584 	-1 		524288 		0
890 	free 		58400 	-1 		524288 		0
891 	free 		113120 	-1 		524288 		0
892 	free 		24736 	-1 		524288 		0
893 	alloc 		107744 	-1 		0 		0
894 	alloc 		57568 	-1 		0 		0
895 	alloc 		160 	-1 		0 		0
896 	alloc 		58720 	-1 		0 		0
897 	free 		92832 	-1 		524288 		0
898 	alloc 		121440 	-1 		0 		0
899 	free 		80736 	-1 		524288 		0
900 	alloc 		38496 	-1 		0 		0
901 	free 		160 	-1 		524288 		0
902 	alloc 		29344 	-1 		0 		0
903 	free 		117920 	-1 		524288 		0
904 	free 		14752 	-1 		524288 		0
905 	alloc 		25120 	-1 		0 		0
906 	alloc 		29984 	-1 		0 		0
907 	free 		25120 	-1 		524288 		0
908 	free 		107744 	-1 		524288 		0
909 	free 		29984 	-1 		524288 		0
910 	alloc 		59104 	-1 		0 		0
911 	free 		58720 	-1 		524288 		0
912 	alloc 		77344 	-1 		0 		0
913 	free 		38496 	-1 		524288 		0
914 	alloc 		25312 	-1 		0 		0
915 	alloc 		14112 	-1 		0 		0
916 	free 		57568 	-1 		524288 		0
917 	alloc 		42336 	-1 		0 		0
918 	alloc 		18976 	-1 		0 		0
919 	alloc 		68192 	-1 		0 		0
920 	free 		29344 	-1 		524288 		0
921 	free 		68192 	-1 		524288 		0
922 	free 		59104 	-1 		524288 		0
923 	alloc 		25504 	-1 		0 		0
924 	free 		121440 	-1 		524288 		0
925 	free 		77344 	-1 		524288 		0
926 	alloc 		4576 	-1 		0 		0
927 	free 		18976 	-1 		524288 		0
928 	free 		14112 	-1 		524288 		0
929 	alloc 		126048 	-1 		0 		0
930 	free 		126048 	-1 		524288 		0
931 	alloc 		34464 	-1 		0 		0
932 	free 		4576 	-1 		524288 		0
933 	alloc 		22240 	-1 		0 		0
934 	alloc 		30048 	-1 		0 		0
935 	free 		25312 	-1 		524288 		0
936 	alloc 		68704 	-1 		0 		0
937 	alloc 		60768 	-1 		0 		0
938 	free 		42336 	-1 		524288 		0
939 	alloc 		126368 	-1 		0 		0
940 	alloc 		110624 	-1 		0 		0
941 	alloc 		57248 	-1 		0 		0
942 	free 		22240 	-1 		524288 		0
943 	alloc 		3360 	-1 		0 		0
944 	alloc 		110496 	-1 		0 		0
945 	alloc 		90400 	-1 		0 		0
946 	free 		34464 	-1 		524288 		0
947 	free 		90400 	-1 		524288 		0
948 	free 		57248 	-1 		524288 		0
949 	alloc 		50400 	-1 		0 		0
950 	alloc 		52704 	-1 		0 		0
951 	alloc 		116832 	-1 		0 		0
952 	free 		126368 	-1 		524288 		0
953 	free 		25504 	-1 		524288 		0
954 	alloc 		16800 	-1 		0 		0
955 	alloc 		101728 	-1 		0 		0
956 	alloc 		37664 	-1 		0 		0
957 	free 		16800 	-1 		524288 		0
958 	free 		50400 	-1 		524288 		0
959 	free 		3360 	-1 		524288 		0
960 	alloc 		30368 	-1 		0 		0
961 	free 		110496 	-1 		524288 		0
962 	alloc 		32672 	-1 		0 		0
963 	free 		68704 	-1 		524288 		0
964 	free 		30048 	-1 		524288 		0
965 	free 		60768 	-1 		524288 		0
966 	alloc 		41184 	-1 		0 		0
967 	alloc 		75168 	-1 		0 		0
968 	free 		37664 	-1 		524288 		0
969 	free 		110624 	-1 		524288 		0
970 	alloc 		95456 	-1 		0 		0
971 	free 		101728 	-1 		524288 		0
972 	alloc 		76320 	-1 		0 		0
973 	free 		76320 	-1 		524288 		0
974 	alloc 		30944 	-1 		0 		0
975 	alloc 		1376 	-1 		0 		0
976 	free 		52704 	-1 		524288 		0
977 	free 		116832 	-1 		524288 		0
978 	alloc 		78880 	-1 		0 		0
979 	free 		30368 	-1 		524288 		0
980 	alloc 		13536 	-1 		0 		0
981 	alloc 		90656 	-1 		0 		0
982 	free 		13536 	-1 		524288 		0
983 	alloc 		4640 	-1 		0 		0
984 	alloc 		87840 	-1 		0 		0
985 	free 		32672 	-1 		524288 		0
986 	alloc 		26592 	-1 		0 		0
987 	alloc 		42016 	-1 		0 		0
988 	free 		1376 	-1 		524288 		0
989 	alloc 		119072 	-1 		0 		0
990 	free 		41184 	-1 		524288 		0
991 	free 		75168 	-1 		524288 		0
992 	free 		95456 	-1 		524288 		0
993 	free 		30944 	-1 		524288 		0
994 	free 		78880 	-1 		524288 		0
995 	free 		90656 	-1 		524288 		0
996 	free 		4640 	-1 		524288 		0
997 	free 		87840 	-1 		524288 		0
998 	free 		26592 	-1 		524288 		0
999 	free 		42016 	-1 		524288 		0
1000 	free 		119072 	-1 		524288 		0
1000 Allocations Failed