00000000110000000000000000000000
00000000010100000110000000000000
10110000000100110000000000011100
00100100000101000011001100010011
00110100000101000000010000001011
00110000000000000000010000001001
00000000110000000011000000000000
00000000010000000000000000000000
11110000000100010000000000000000
00010001101000000011000100000000
01100000001000000000000000000000
00110000000000000000010000001111
00000000110000000011000000000000
00000000010000000000000000000000
11100000000100010001000000000000
00000000110000000011000000000000
00000000010100010110000100000000
10011000000110100000000000000000
01100000000100011010000100000000
00110100000101000000010000011001
00110000000000000000010000010111
00110000000000000000000100000000
01101000000100000011100000000000
01010000000000000000000100010110
01100000000000000000000000000000
00110000000000000000010000011011
01101000000100000011100000000000
01101000000100010011100000000000
00100100000101000011001100101000
00110100000101000000010000100011
00110000000000000000010000100001
00000000000110100010001100000000
01100000110000001010000000000111
00000000000110100010001100000000
01110001101000001010000100001010
00110000000000000000010000100110
00000000000110100010001100000000
01100000110000001010000000001101
00000000000110100010001100000000
01100000110000001010000000010000
00110100000101000000010000101110
00110000000000000000010000101100
00110000000000000000000100010110
01100000000000000000000000000000
01010000000000000000000100000000
01101000000100000011100000000000
00110100000101000000010000110010
00000000000100100010011100000000
00010001101000000010000000000000
01101000001100000011100000000000
00110100000101000000010001000001
00110100000101000000010000111011
00110000000000000000010000111000
00000000110000000001000000000000
00000000010100100010011100000000
01100000101000000010000000001010
00000000110100100010011000000000
00000000010000000000000000000000
01100000101000000001000000001010
00110000000000000000010000111110
00000000000100100010011100000000
01110001101000000010000100001010
00000000110100100010011000000000
00000000010000000000000000000000
11110000000100010000000000000000
00110100000101000000010001001001
00110000000000000000010001000110
00000000110100100010011000000000
00000000010000000000000000000000
11110000000100000000000000000000
00010000000110100000000100000000
00010000000100010000001000000000
01110000000100100000101000000000
00110000000000000000010001001100
00001000000110100011100100000000
01100000000100100010101000000000
00100000000101000100010001010000
00001000000110100011100100000000
00011000000110100000101000000000
01100000000110101010011001001011
00100000000101000100010001101111
00100000000000000100010001100111
00010100000110100000011000000000
00000100000110101010011000000000
00000100000110101010011000000000
00000100000110101010011000000000
00000100000110101010011000000000
00000000000110101010011000000000
00001000000110110011101000000000
00000000110000000010000000000000
00000000010000000000000000000000
10010000000110100000000000000000
00010000000111000000011100000000
00010000000111010000010100000000
00110000000000000000101001100001
01100000000111001100011001100001
01010000000000000000110001100100
00100000000110111011011101100101
00100000000111011101101001100000
01010000000000000000110001100001
01110000000100010000011100000000
00010000100100010010010100000000
01110001001000000000110100001010
00010100000110100000011000000000
00000100000110101010011000000000
00000100000110101010011000000000
00000000000110101010011000000000
00001000000110110011101000000000
00100000000110111011011100000000
01110010000100010000000101101100
01100000000000000000000000000000
00100000000101000100010010011011
00010000000111010000011000000000
00000000110000000010000000000000
00000000010000000000000000000000
10010000000110100000000000000000
00000000000110110010011000000000
00000000110000001011000000000000
00000000010000000000000000000000
11010000000110110000000010010011
00110000000000000000101001111011
00110000000000000000101101111101
01100000000000000000000010000001
00011000000110100000101000000000
01100000000110101010011001111111
00011000000110110000101100000000
00000000000110111011011000000000
00011000000111010000110100000000
01100000000111011101011001111000
00010000000111000000010100000000
00011000000110110000101100000000
00000000000110111011011000000000
00010000000111100000101000000000
00100000000110101010101110000111
01100000000111001100011010000100
00000000000111110010011100000000
00000000100000001111000000000000
00010001001000000000111000000000
00000000001000000000000000000000
00110000000000000000110110010000
00000000000111111111011100000000
00000000100000001111000000000000
00010001001000000000110000000000
01100000001000000000000010010010
00011000000111000000110000000000
01100000000111001100011010001100
01110000000100010000010100000000
00000000000111110010011100000000
00000000100000001111000000000000
00010001001000000000011100000000
00000000001000000000000000000000
00000000000111111111011100000000
00010000100100011111011100000000
00010001001000000000010100000000
00000000001000000000000000000000
00000000011000000000000000000000
00000000000000000000000000000000
00000000000000000000000000000000
