/**********************************************************************
Student name: Phong Hong Vo
Assignment: ps4 - DNA SEQUENCE ALIGNMENT
Time spent: 25 hours
/**********************************************************************
Operating System: Windows 10 64 bit and Ubuntu 18.04
CPU type: Intel Core i5-8250U @ 1.6GHz
RAM: 8GB
/**********************************************************************
ecoli2500.txt:
Edit distance = 118
Execution time is 0.152242 seconds
--------------------------------------------------------------------------------
Command:            ./ED /sequence/ecoli2500.txt
Massif arguments:   (none)
ms_print arguments: massif.out.1902
--------------------------------------------------------------------------------
  n        time(i)         total(B)   useful-heap(B) extra-heap(B)    stacks(B)
--------------------------------------------------------------------------------
  0              0                0                0             0            0
  1      2,450,280           72,712           72,704             8            0
  2      2,570,053           73,744           73,728            16            0
  3      2,576,913           73,768           73,736            32            0
  4      2,576,970           73,792           73,740            52            0
  5      2,582,771           74,824           74,764            60            0
  6      2,615,886           74,824           74,764            60            0



ecoli5000.txt
Edit distance = 160
Execution time is 0.564809 seconds
--------------------------------------------------------------------------------
  n        time(i)         total(B)   useful-heap(B) extra-heap(B)    stacks(B)
--------------------------------------------------------------------------------
  0              0                0                0             0            0
  1      2,450,280           72,712           72,704             8            0
  2      2,570,053           73,744           73,728            16            0
  3      2,576,076           73,768           73,736            32            0
  4      2,576,133           73,792           73,740            52            0
  5      2,581,934           74,824           74,764            60            0
  6      2,614,252           74,824           74,764            60            0



ecoli7000.txt
Edit distance = 194
Execution time is 1.07208 seconds
--------------------------------------------------------------------------------
  n        time(i)         total(B)   useful-heap(B) extra-heap(B)    stacks(B)
--------------------------------------------------------------------------------
  0              0                0                0             0            0
  1      2,450,280           72,712           72,704             8            0
  2      2,570,053           73,744           73,728            16            0
  3      2,576,076           73,768           73,736            32            0
  4      2,576,133           73,792           73,740            52            0
  5      2,581,934           74,824           74,764            60            0
  6      2,614,252           74,824           74,764            60            0



ecoli10000.txt
Edit distance = 223
Execution time is 2.13584 seconds
--------------------------------------------------------------------------------
  n        time(i)         total(B)   useful-heap(B) extra-heap(B)    stacks(B)
--------------------------------------------------------------------------------
  0              0                0                0             0            0
  1      2,450,280           72,712           72,704             8            0
  2      2,570,053           73,744           73,728            16            0
  3      2,576,076           73,768           73,736            32            0
  4      2,576,133           73,792           73,740            52            0
  5      2,581,934           74,824           74,764            60            0
  6      2,614,272           74,824           74,764            60            0



ecoli20000.txt
Edit distance = 3135
Execution time is 8.68134 seconds
--------------------------------------------------------------------------------
  n        time(i)         total(B)   useful-heap(B) extra-heap(B)    stacks(B)
--------------------------------------------------------------------------------
  0              0                0                0             0            0
  1      2,450,280           72,712           72,704             8            0
  2      2,570,053           73,744           73,728            16            0
  3      2,576,076           73,768           73,736            32            0
  4      2,576,133           73,792           73,740            52            0
  5      2,581,934           74,824           74,764            60            0
  6      2,614,240           74,824           74,764            60            0


ecoli28284.txt
Edit distance = 8394
Execution time is 17.1112 seconds
--------------------------------------------------------------------------------
  n        time(i)         total(B)   useful-heap(B) extra-heap(B)    stacks(B)
--------------------------------------------------------------------------------
  0              0                0                0             0            0
  1      2,450,280           72,712           72,704             8            0
  2      2,570,053           73,744           73,728            16            0
  3      2,576,076           73,768           73,736            32            0
  4      2,576,133           73,792           73,740            52            0
  5      2,581,934           74,824           74,764            60            0
  6      2,614,254           74,824           74,764            60            0




