	MANAGEMENT = Buddy System		SIZE: 1024 KB

Failed Req 85 is size 79840
Failed Req 86 is size 110816
Failed Req 89 is size 53152
Failed Req 130 is size 45664
Failed Req 132 is size 94432
Failed Req 166 is size 46368
Failed Req 167 is size 47584
Failed Req 187 is size 103776
Failed Req 201 is size 69472
Failed Req 204 is size 105760
Failed Req 218 is size 65568
Failed Req 236 is size 110944
Failed Req 272 is size 69664
Failed Req 279 is size 106784
Failed Req 300 is size 120480
Failed Req 303 is size 42080
Failed Req 334 is size 74784
Failed Req 350 is size 128160
Failed Req 352 is size 85472
Failed Req 389 is size 118112
Failed Req 402 is size 107168
Failed Req 403 is size 72416
Failed Req 538 is size 35168
Failed Req 556 is size 126048
Failed Req 584 is size 75040
Failed Req 586 is size 82656
Failed Req 587 is size 72864
Failed Req 592 is size 58208
Failed Req 623 is size 97568
Failed Req 632 is size 108896
Failed Req 634 is size 65696
Failed Req 635 is size 100448
Failed Req 814 is size 77088
Failed Req 871 is size 124128
Failed Req 873 is size 80736
SERIAL-NUM 	 REQUEST 	SIZE 	ALLOC-ADDR 	TOTAL-FREE 	LARGEST-PART
   1		 alloc		 99744		     0		917504		524288
   2		 alloc		111776		131072		786432		524288
   3		 alloc		 64864		262144		720896		524288
   4		 alloc		 91552		393216		589824		524288
   5		  free		111776		     0		720896		524288
   6		  free		 91552		     0		851968		524288
   7		 alloc		  5600		327680		843776		524288
   8		 alloc		110304		131072		712704		524288
   9		 alloc		 78688		393216		581632		524288
  10		 alloc		  8032		335872		573440		524288
  11		 alloc		 27872		360448		540672		524288
  12		 alloc		 72992		524288		409600		262144
  13		 alloc		  4960		344064		401408		262144
  14		 alloc		 58400		655360		335872		262144
  15		 alloc		 84640		786432		204800		131072
  16		  free		 78688		     0		335872		131072
  17		 alloc		 25760		720896		303104		131072
  18		  free		  5600		     0		311296		131072
  19		  free		 64864		     0		376832		131072
  20		 alloc		  6496		327680		368640		131072
  21		 alloc		118240		393216		237568		131072
  22		  free		 27872		     0		270336		131072
  23		 alloc		 44448		262144		204800		131072
  24		  free		  8032		     0		212992		131072
  25		 alloc		113440		917504		 81920		 32768
  26		  free		 99744		     0		212992		131072
  27		  free		118240		     0		344064		131072
  28		  free		  6496		     0		352256		131072
  29		  free		 84640		     0		483328		131072
  30		 alloc		115040		     0		352256		131072
  31		  free		 25760		     0		385024		131072
  32		 alloc		 55072		720896		319488		131072
  33		  free		  4960		     0		327680		131072
  34		  free		 44448		     0		393216		262144
  35		  free		 55072		     0		458752		262144
  36		 alloc		 57312		720896		393216		262144
  37		 alloc		101408		786432		262144		262144
  38		  free		110304		     0		393216		262144
  39		  free		 72992		     0		524288		262144
  40		  free		 58400		     0		589824		262144
  41		 alloc		 71328		131072		458752		262144
  42		 alloc		 26144		655360		425984		262144
  43		 alloc		 55968		524288		360448		262144
  44		 alloc		 17824		688128		327680		262144
  45		  free		 26144		     0		360448		262144
  46		  free		 57312		     0		425984		262144
  47		 alloc		 49120		589824		360448		262144
  48		  free		 71328		     0		491520		262144
  49		 alloc		 87200		131072		360448		262144
  50		 alloc		 16928		655360		327680		262144
  51		 alloc		 10848		720896		311296		262144
  52		  free		 16928		     0		344064		262144
  53		  free		 87200		     0		475136		262144
  54		 alloc		110112		131072		344064		262144
  55		  free		113440		     0		475136		262144
  56		 alloc		 36640		917504		409600		262144
  57		  free		110112		     0		540672		262144
  58		 alloc		 90592		131072		409600		262144
  59		 alloc		    32		737280		409568		262144
  60		  free		115040		     0		540640		262144
  61		 alloc		 57312		983040		475104		262144
  62		 alloc		113952		     0		344032		262144
  63		  free		101408		     0		475104		262144
  64		 alloc		 88160		786432		344032		262144
  65		  free		 55968		     0		409568		262144
  66		  free		 10848		     0		425952		262144
  67		 alloc		 35424		524288		360416		262144
  68		 alloc		  7584		745472		352224		262144
  69		  free		 49120		     0		417760		262144
  70		  free		  7584		     0		425952		262144
  71		 alloc		 60960		589824		360416		262144
  72		 alloc		 36704		262144		294880		131072
  73		  free		 90592		     0		425952		131072
  74		  free		 17824		     0		458720		131072
  75		 alloc		 44512		327680		393184		131072
  76		 alloc		 34656		655360		327648		131072
  77		  free		    32		     0		327680		131072
  78		 alloc		 85024		131072		196608		131072
  79		  free		 36640		     0		262144		131072
  80		 alloc		 42080		720896		196608		131072
  81		 alloc		 39520		917504		131072		131072
  82		 alloc		 79840		393216		     0		     0
  83		  free		 42080		     0		 65536		 65536
  84		  free		 57312		     0		131072		 65536
  85		 alloc		 79840		    -1		     0		 65536
  86		 alloc		110816		    -1		     0		 65536
  87		 alloc		 61664		720896		 65536		 65536
  88		 alloc		 51808		983040		     0		     0
  89		 alloc		 53152		    -1		     0		     0
  90		  free		 35424		     0		 65536		 65536
  91		  free		113952		     0		196608		131072
  92		  free		 85024		     0		327680		262144
  93		  free		 88160		     0		458752		262144
  94		  free		 44512		     0		524288		262144
  95		  free		 36704		     0		589824		262144
  96		  free		 34656		     0		655360		262144
  97		  free		 39520		     0		720896		262144
  98		 alloc		 40736		524288		655360		262144
  99		 alloc		108192		262144		524288		262144
 100		  free		 60960		     0		589824		262144
 101		  free		 79840		    -1		     0		     0
 102		 alloc		 43552		589824		524288		262144
 103		 alloc		 95840		786432		393216		262144
 104		  free		 40736		     0		458752		262144
 105		  free		 53152		    -1		     0		     0
 106		  free		 95840		     0		589824		262144
 107		 alloc		 10464		524288		573440		262144
 108		 alloc		 51552		655360		507904		262144
 109		  free		110816		    -1		     0		     0
 110		  free		 51552		     0		573440		262144
 111		 alloc		 31200		557056		540672		262144
 112		  free		 79840		     0		671744		262144
 113		  free		 51808		     0		737280		262144
 114		 alloc		 63648		655360		671744		262144
 115		  free		 61664		     0		737280		262144
 116		  free		108192		     0		868352		524288
 117		 alloc		 96480		786432		737280		524288
 118		 alloc		 44832		720896		671744		524288
 119		 alloc		 24864		917504		638976		524288
 120		  free		 24864		     0		671744		524288
 121		 alloc		 80224		917504		540672		524288
 122		 alloc		 91680		     0		409600		262144
 123		  free		 10464		     0		425984		262144
 124		 alloc		 94752		131072		294912		262144
 125		 alloc		113376		262144		163840		131072
 126		 alloc		 82272		393216		 32768		 32768
 127		  free		 43552		     0		 98304		 65536
 128		  free		 31200		     0		131072		131072
 129		 alloc		124832		524288		     0		     0
 130		 alloc		 45664		    -1		     0		     0
 131		  free		 63648		     0		 65536		 65536
 132		 alloc		 94432		    -1		     0		 65536
 133		  free		 82272		     0		196608		131072
 134		  free		 94752		     0		327680		131072
 135		  free		 91680		     0		458752		262144
 136		 alloc		 44192		655360		393216		262144
 137		  free		 94432		    -1		     0		     0
 138		 alloc		 93856		393216		262144		262144
 139		 alloc		124064		     0		131072		131072
 140		  free		 44192		     0		196608		131072
 141		  free		 44832		     0		262144		131072
 142		  free		 80224		     0		393216		131072
 143		 alloc		 24288		131072		360448		131072
 144		  free		 96480		     0		491520		262144
 145		  free		124064		     0		622592		262144
 146		  free		113376		     0		753664		262144
 147		 alloc		 84000		     0		622592		262144
 148		 alloc		 62688		196608		557056		262144
 149		  free		 84000		     0		688128		262144
 150		  free		124832		     0		819200		524288
 151		 alloc		123104		     0		688128		524288
 152		 alloc		 84384		262144		557056		524288
 153		 alloc		 67936		524288		425984		262144
 154		 alloc		 67872		655360		294912		262144
 155		  free		 62688		     0		360448		262144
 156		  free		 45664		    -1		     0		     0
 157		 alloc		 91104		786432		229376		131072
 158		 alloc		 21280		163840		196608		131072
 159		 alloc		  8480		196608		180224		131072
 160		  free		 93856		     0		311296		131072
 161		 alloc		 27872		229376		278528		131072
 162		 alloc		 30304		393216		245760		131072
 163		 alloc		 44256		458752		180224		131072
 164		  free		 21280		     0		212992		131072
 165		 alloc		 93408		917504		 81920		 32768
 166		 alloc		 46368		    -1		     0		 32768
 167		 alloc		 47584		    -1		     0		 32768
 168		  free		 91104		     0		212992		131072
 169		  free		 44256		     0		278528		131072
 170		  free		123104		     0		409600		131072
 171		  free		 24288		     0		442368		131072
 172		 alloc		122528		     0		311296		131072
 173		 alloc		 56800		131072		245760		131072
 174		  free		 67936		     0		376832		131072
 175		  free		 67872		     0		507904		262144
 176		 alloc		 69984		786432		376832		262144
 177		  free		 84384		     0		507904		262144
 178		 alloc		 92448		262144		376832		262144
 179		 alloc		 18400		425984		344064		262144
 180		  free		 27872		     0		376832		262144
 181		  free		  8480		     0		393216		262144
 182		  free		122528		     0		524288		262144
 183		  free		 30304		     0		557056		262144
 184		 alloc		 74080		     0		425984		262144
 185		 alloc		114656		524288		294912		131072
 186		 alloc		 93216		655360		163840		 65536
 187		 alloc		103776		    -1		     0		 65536
 188		 alloc		  3936		393216		159744		 65536
 189		  free		 46368		    -1		     0		     0
 190		  free		 93408		     0		290816		131072
 191		  free		 69984		     0		421888		262144
 192		  free		 47584		    -1		     0		     0
 193		 alloc		 94240		786432		290816		131072
 194		  free		 93216		     0		421888		131072
 195		  free		 18400		     0		454656		131072
 196		 alloc		112480		655360		323584		131072
 197		  free		 56800		     0		389120		131072
 198		  free		103776		    -1		     0		     0
 199		 alloc		102560		131072		258048		131072
 200		 alloc		 91424		917504		126976		 65536
 201		 alloc		 69472		    -1		     0		 65536
 202		 alloc		 15328		409600		110592		 65536
 203		 alloc		 14240		425984		 94208		 65536
 204		 alloc		105760		    -1		     0		 65536
 205		  free		 92448		     0		225280		131072
 206		  free		 74080		     0		356352		131072
 207		 alloc		 80608		     0		225280		131072
 208		 alloc		101536		262144		 94208		 65536
 209		  free		 91424		     0		225280		131072
 210		 alloc		 63648		458752		159744		131072
 211		  free		112480		     0		290816		131072
 212		 alloc		 46304		655360		225280		131072
 213		 alloc		112480		917504		 94208		 65536
 214		  free		114656		     0		225280		131072
 215		  free		  3936		     0		229376		131072
 216		 alloc		 48992		720896		163840		131072
 217		 alloc		128224		524288		 32768		 16384
 218		 alloc		 65568		    -1		     0		 16384
 219		 alloc		 14816		393216		 16384		 16384
 220		  free		 15328		     0		 32768		 16384
 221		  free		 46304		     0		 98304		 65536
 222		  free		 94240		     0		229376		131072
 223		  free		 63648		     0		294912		131072
 224		  free		 14816		     0		311296		131072
 225		  free		 69472		    -1		     0		     0
 226		 alloc		122592		786432		180224		 65536
 227		 alloc		 16480		393216		147456		 65536
 228		  free		101536		     0		278528		131072
 229		  free		102560		     0		409600		131072
 230		 alloc		122080		131072		278528		131072
 231		  free		 14240		     0		294912		131072
 232		  free		112480		     0		425984		131072
 233		  free		105760		    -1		     0		     0
 234		 alloc		116000		262144		294912		131072
 235		 alloc		 65824		917504		163840		 65536
 236		 alloc		110944		    -1		     0		 65536
 237		  free		 80608		     0		294912		131072
 238		 alloc		 36192		458752		229376		131072
 239		 alloc		 58336		655360		163840		131072
 240		  free		 48992		     0		229376		131072
 241		  free		122592		     0		360448		131072
 242		  free		116000		     0		491520		131072
 243		 alloc		 57184		720896		425984		131072
 244		  free		 16480		     0		458752		131072
 245		  free		 65568		    -1		     0		     0
 246		  free		128224		     0		589824		131072
 247		 alloc		105632		     0		458752		131072
 248		 alloc		121056		262144		327680		131072
 249		  free		121056		     0		458752		131072
 250		  free		122080		     0		589824		131072
 251		 alloc		 42080		393216		524288		131072
 252		 alloc		 87328		131072		393216		131072
 253		 alloc		  8352		262144		376832		131072
 254		 alloc		 48416		327680		311296		131072
 255		  free		105632		     0		442368		131072
 256		  free		 42080		     0		507904		131072
 257		 alloc		 17312		294912		475136		131072
 258		  free		 57184		     0		540672		131072
 259		 alloc		 63136		393216		475136		131072
 260		  free		110944		    -1		     0		     0
 261		  free		 65824		     0		606208		262144
 262		 alloc		 47328		720896		540672		262144
 263		  free		 36192		     0		606208		262144
 264		  free		 58336		     0		671744		262144
 265		 alloc		 52256		458752		606208		262144
 266		 alloc		118048		     0		475136		262144
 267		 alloc		 98656		524288		344064		262144
 268		 alloc		 11552		278528		327680		262144
 269		 alloc		125344		786432		196608		131072
 270		  free		 17312		     0		229376		131072
 271		 alloc		116064		917504		 98304		 65536
 272		 alloc		 69664		    -1		     0		 65536
 273		  free		116064		     0		229376		131072
 274		  free		 48416		     0		294912		131072
 275		 alloc		114976		917504		163840		 65536
 276		 alloc		 44064		327680		 98304		 65536
 277		  free		  8352		     0		114688		 65536
 278		 alloc		 39520		655360		 49152		 32768
 279		 alloc		106784		    -1		     0		 32768
 280		  free		 47328		     0		114688		 65536
 281		  free		 87328		     0		245760		131072
 282		  free		 63136		     0		311296		131072
 283		 alloc		 24096		294912		278528		131072
 284		 alloc		 71968		131072		147456		 65536
 285		  free		 44064		     0		212992		 65536
 286		 alloc		 58976		327680		147456		 65536
 287		  free		 69664		    -1		     0		     0
 288		  free		 98656		     0		278528		131072
 289		  free		125344		     0		409600		131072
 290		  free		106784		    -1		     0		     0
 291		  free		 52256		     0		475136		131072
 292		 alloc		111008		393216		344064		131072
 293		  free		 11552		     0		360448		131072
 294		 alloc		 42336		720896		294912		131072
 295		 alloc		121184		524288		163840		131072
 296		  free		118048		     0		294912		131072
 297		 alloc		 26848		262144		262144		131072
 298		 alloc		 77216		     0		131072		131072
 299		 alloc		103776		786432		     0		     0
 300		 alloc		120480		    -1		     0		     0
 301		  free		 71968		     0		131072		131072
 302		 alloc		118560		131072		     0		     0
 303		 alloc		 42080		    -1		     0		     0
 304		  free		114976		     0		131072		131072
 305		  free		 39520		     0		196608		131072
 306		  free		 42336		     0		262144		131072
 307		 alloc		 72992		655360		131072		131072
 308		  free		118560		     0		262144		131072
 309		 alloc		 44512		131072		196608		131072
 310		  free		120480		    -1		     0		     0
 311		 alloc		 32224		196608		163840		131072
 312		 alloc		 87648		917504		 32768		 32768
 313		  free		 24096		     0		 65536		 32768
 314		 alloc		 32352		229376		 32768		 32768
 315		  free		 58976		     0		 98304		 65536
 316		  free		 26848		     0		131072		131072
 317		  free		111008		     0		262144		262144
 318		 alloc		 63584		262144		196608		131072
 319		  free		 42080		    -1		     0		     0
 320		 alloc		 30624		327680		163840		131072
 321		 alloc		 18336		360448		131072		131072
 322		  free		121184		     0		262144		131072
 323		  free		 44512		     0		327680		131072
 324		 alloc		   224		131072		327424		131072
 325		  free		103776		     0		458496		131072
 326		 alloc		113760		393216		327424		131072
 327		  free		 77216		     0		458496		131072
 328		 alloc		 12960		147456		442112		131072
 329		 alloc		 46688		     0		376576		131072
 330		 alloc		 44128		 65536		311040		131072
 331		 alloc		 86176		524288		179968		131072
 332		 alloc		109792		786432		 48896		 32768
 333		  free		 32352		     0		 81664		 32768
 334		 alloc		 74784		    -1		     0		 32768
 335		  free		 72992		     0		212736		131072
 336		 alloc		  1376		133120		210688		131072
 337		  free		113760		     0		341760		131072
 338		  free		 30624		     0		374528		131072
 339		  free		 32224		     0		407296		131072
 340		  free		 87648		     0		538368		131072
 341		 alloc		 50848		196608		472832		131072
 342		 alloc		 80800		393216		341760		131072
 343		  free		 63584		     0		407296		131072
 344		  free		 12960		     0		423680		131072
 345		 alloc		117088		655360		292608		131072
 346		 alloc		112864		917504		161536		 65536
 347		 alloc		  3616		135168		157440		 65536
 348		  free		   224		     0		157696		 65536
 349		 alloc		 56224		262144		 92160		 32768
 350		 alloc		128160		    -1		     0		 32768
 351		  free		 18336		     0		124928		 65536
 352		 alloc		 85472		    -1		     0		 65536
 353		  free		 44128		     0		190464		 65536
 354		 alloc		 55456		 65536		124928		 65536
 355		  free		 46688		     0		190464		 65536
 356		  free		 74784		    -1		     0		     0
 357		  free		  1376		     0		192512		 65536
 358		  free		109792		     0		323584		131072
 359		  free		 86176		     0		454656		131072
 360		 alloc		 23264		163840		421888		131072
 361		  free		 50848		     0		487424		131072
 362		  free		 80800		     0		618496		131072
 363		  free		117088		     0		749568		262144
 364		 alloc		 37792		     0		684032		262144
 365		  free		  3616		     0		688128		262144
 366		  free		 23264		     0		720896		262144
 367		  free		 56224		     0		786432		262144
 368		 alloc		 69728		131072		655360		262144
 369		 alloc		  2208		786432		651264		262144
 370		 alloc		  6368		794624		643072		262144
 371		 alloc		 40608		851968		577536		262144
 372		 alloc		103328		262144		446464		262144
 373		 alloc		 53280		393216		380928		262144
 374		  free		112864		     0		512000		262144
 375		 alloc		 87200		917504		380928		262144
 376		  free		 69728		     0		512000		262144
 377		 alloc		 70752		131072		380928		262144
 378		 alloc		 68832		524288		249856		131072
 379		  free		 85472		    -1		     0		     0
 380		  free		128160		    -1		     0		     0
 381		 alloc		 36000		458752		184320		131072
 382		  free		 55456		     0		249856		131072
 383		  free		 37792		     0		315392		131072
 384		 alloc		117344		     0		184320		131072
 385		 alloc		 46176		655360		118784		 65536
 386		  free		 87200		     0		249856		131072
 387		 alloc		 83872		917504		118784		 65536
 388		  free		 40608		     0		184320		 65536
 389		 alloc		118112		    -1		     0		 65536
 390		  free		 36000		     0		249856		 65536
 391		  free		103328		     0		380928		131072
 392		 alloc		 91808		262144		249856		 65536
 393		  free		 53280		     0		315392		131072
 394		 alloc		 40608		720896		249856		131072
 395		 alloc		 27040		819200		217088		131072
 396		  free		118112		    -1		     0		     0
 397		  free		  6368		     0		225280		131072
 398		  free		  2208		     0		229376		131072
 399		 alloc		 37344		851968		163840		131072
 400		 alloc		 45152		393216		 98304		 65536
 401		 alloc		 21152		786432		 65536		 65536
 402		 alloc		107168		    -1		     0		 65536
 403		 alloc		 72416		    -1		     0		 65536
 404		  free		 83872		     0		196608		131072
 405		  free		 70752		     0		327680		131072
 406		 alloc		 30944		458752		294912		131072
 407		  free		 68832		     0		425984		131072
 408		 alloc		 66208		131072		294912		131072
 409		 alloc		108512		524288		163840		131072
 410		  free		 45152		     0		229376		131072
 411		  free		 91808		     0		360448		131072
 412		 alloc		 64160		393216		294912		131072
 413		  free		 46176		     0		360448		131072
 414		  free		117344		     0		491520		131072
 415		 alloc		 22304		491520		458752		131072
 416		  free		 21152		     0		491520		131072
 417		 alloc		 28896		786432		458752		131072
 418		  free		 27040		     0		491520		131072
 419		  free		 37344		     0		557056		131072
 420		  free		 40608		     0		622592		131072
 421		  free		 72416		    -1		     0		     0
 422		  free		 66208		     0		753664		262144
 423		 alloc		 61856		851968		688128		262144
 424		  free		107168		    -1		     0		     0
 425		  free		 30944		     0		720896		262144
 426		 alloc		 54688		262144		655360		262144
 427		 alloc		  7648		458752		647168		262144
 428		 alloc		 85728		655360		516096		262144
 429		 alloc		111136		917504		385024		262144
 430		  free		 28896		     0		417792		262144
 431		  free		 54688		     0		483328		262144
 432		  free		 22304		     0		516096		262144
 433		 alloc		 10784		475136		499712		262144
 434		 alloc		 95520		262144		368640		262144
 435		  free		 61856		     0		434176		262144
 436		  free		108512		     0		565248		262144
 437		  free		111136		     0		696320		262144
 438		 alloc		 67104		524288		565248		262144
 439		 alloc		129184		     0		434176		262144
 440		  free		 64160		     0		499712		262144
 441		  free		 10784		     0		516096		262144
 442		 alloc		  7904		466944		507904		262144
 443		  free		 85728		     0		638976		262144
 444		 alloc		 18784		491520		606208		262144
 445		 alloc		 40032		393216		540672		262144
 446		 alloc		119200		131072		409600		262144
 447		 alloc		 28384		655360		376832		262144
 448		 alloc		103264		786432		245760		131072
 449		 alloc		 74464		917504		114688		 65536
 450		 alloc		  3936		475136		110592		 65536
 451		  free		129184		     0		241664		131072
 452		 alloc		 13728		688128		225280		131072
 453		  free		  7904		     0		233472		131072
 454		  free		 67104		     0		364544		131072
 455		 alloc		 89696		     0		233472		131072
 456		  free		119200		     0		364544		131072
 457		  free		  7648		     0		372736		131072
 458		  free		 74464		     0		503808		131072
 459		  free		103264		     0		634880		262144
 460		 alloc		 96224		131072		503808		262144
 461		 alloc		114784		524288		372736		262144
 462		  free		 89696		     0		503808		262144
 463		  free		 40032		     0		569344		262144
 464		  free		 95520		     0		700416		262144
 465		 alloc		 47200		393216		634880		262144
 466		 alloc		 45152		720896		569344		262144
 467		  free		  3936		     0		573440		262144
 468		 alloc		 11680		704512		557056		262144
 469		 alloc		 91040		     0		425984		262144
 470		  free		 11680		     0		442368		262144
 471		 alloc		126944		262144		311296		262144
 472		  free		 28384		     0		344064		262144
 473		  free		126944		     0		475136		262144
 474		  free		 18784		     0		507904		262144
 475		 alloc		105248		262144		376832		262144
 476		 alloc		111264		786432		245760		131072
 477		  free		 96224		     0		376832		131072
 478		 alloc		 54624		458752		311296		131072
 479		  free		 13728		     0		327680		131072
 480		  free		 91040		     0		458752		262144
 481		  free		 45152		     0		524288		262144
 482		  free		111264		     0		655360		262144
 483		  free		114784		     0		786432		524288
 484		 alloc		115872		     0		655360		524288
 485		 alloc		 97376		131072		524288		524288
 486		 alloc		 71264		524288		393216		262144
 487		 alloc		 30880		655360		360448		262144
 488		 alloc		 34016		720896		294912		262144
 489		 alloc		121504		786432		163840		131072
 490		 alloc		 34784		917504		 98304		 65536
 491		  free		 47200		     0		163840		 65536
 492		 alloc		 41248		393216		 98304		 65536
 493		 alloc		 63904		983040		 32768		 32768
 494		  free		121504		     0		163840		131072
 495		 alloc		127520		786432		 32768		 32768
 496		  free		 41248		     0		 98304		 65536
 497		  free		 71264		     0		229376		131072
 498		  free		 54624		     0		294912		131072
 499		  free		115872		     0		425984		131072
 500		 alloc		 33760		     0		360448		131072
 501		  free		105248		     0		491520		262144
 502		 alloc		 78112		524288		360448		262144
 503		  free		127520		     0		491520		262144
 504		 alloc		 40928		 65536		425984		262144
 505		 alloc		 32800		786432		360448		262144
 506		 alloc		 17568		688128		327680		262144
 507		  free		 63904		     0		393216		262144
 508		  free		 97376		     0		524288		262144
 509		  free		 30880		     0		557056		262144
 510		  free		 34016		     0		622592		262144
 511		 alloc		 32672		655360		589824		262144
 512		 alloc		 93280		131072		458752		262144
 513		  free		 33760		     0		524288		262144
 514		 alloc		129056		262144		393216		131072
 515		  free		 32800		     0		458752		131072
 516		  free		 17568		     0		491520		131072
 517		  free		 34784		     0		557056		262144
 518		 alloc		123872		393216		425984		262144
 519		 alloc		 40160		     0		360448		262144
 520		 alloc		108320		786432		229376		131072
 521		 alloc		 14752		688128		212992		131072
 522		 alloc		 92512		917504		 81920		 65536
 523		  free		123872		     0		212992		131072
 524		  free		129056		     0		344064		262144
 525		  free		 40928		     0		409600		262144
 526		  free		108320		     0		540672		262144
 527		 alloc		 71904		786432		409600		262144
 528		 alloc		 32608		 65536		376832		262144
 529		  free		 78112		     0		507904		262144
 530		 alloc		 19360		 98304		475136		262144
 531		 alloc		 76256		524288		344064		262144
 532		 alloc		 83040		262144		212992		131072
 533		  free		 32672		     0		245760		131072
 534		  free		 92512		     0		376832		131072
 535		 alloc		117408		393216		245760		131072
 536		 alloc		103520		917504		114688		 65536
 537		 alloc		 55584		720896		 49152		 32768
 538		 alloc		 35168		    -1		     0		 32768
 539		  free		 14752		     0		 65536		 65536
 540		  free		 35168		    -1		     0		     0
 541		  free		 93280		     0		196608		131072
 542		 alloc		 57888		655360		131072		131072
 543		  free		 40160		     0		196608		131072
 544		 alloc		105312		131072		 65536		 65536
 545		  free		 76256		     0		196608		131072
 546		 alloc		 23584		     0		163840		131072
 547		 alloc		 95584		524288		 32768		 32768
 548		  free		 23584		     0		 65536		 65536
 549		 alloc		 33632		     0		     0		     0
 550		  free		 71904		     0		131072		131072
 551		 alloc		117344		786432		     0		     0
 552		  free		 32608		     0		 32768		 32768
 553		  free		 19360		     0		 65536		 65536
 554		 alloc		 49888		 65536		     0		     0
 555		  free		 49888		     0		 65536		 65536
 556		 alloc		126048		    -1		     0		 65536
 557		  free		 95584		     0		196608		131072
 558		  free		126048		    -1		     0		     0
 559		  free		117408		     0		327680		131072
 560		  free		 83040		     0		458752		262144
 561		 alloc		 76064		524288		327680		262144
 562		 alloc		 36832		 65536		262144		262144
 563		  free		 57888		     0		327680		262144
 564		  free		105312		     0		458752		262144
 565		  free		 55584		     0		524288		262144
 566		  free		103520		     0		655360		262144
 567		 alloc		 71008		131072		524288		262144
 568		 alloc		  8672		655360		507904		262144
 569		  free		117344		     0		638976		262144
 570		 alloc		 49760		720896		573440		262144
 571		 alloc		 94816		262144		442368		262144
 572		  free		 94816		     0		573440		262144
 573		 alloc		127328		262144		442368		262144
 574		  free		 36832		     0		507904		262144
 575		  free		 76064		     0		638976		262144
 576		 alloc		 72992		393216		507904		262144
 577		  free		 33632		     0		573440		262144
 578		  free		127328		     0		704512		262144
 579		 alloc		 93408		     0		573440		262144
 580		 alloc		 81568		262144		442368		262144
 581		 alloc		100960		524288		311296		262144
 582		 alloc		 52576		786432		245760		131072
 583		 alloc		 69664		917504		114688		 65536
 584		 alloc		 75040		    -1		     0		 65536
 585		  free		 75040		    -1		     0		     0
 586		 alloc		 82656		    -1		     0		 65536
 587		 alloc		 72864		    -1		     0		 65536
 588		  free		 71008		     0		245760		131072
 589		 alloc		 62432		851968		180224		131072
 590		 alloc		 53280		131072		114688		 65536
 591		 alloc		 48992		196608		 49152		 32768
 592		 alloc		 58208		    -1		     0		 32768
 593		  free		 93408		     0		180224		131072
 594		  free		 49760		     0		245760		131072
 595		  free		 62432		     0		311296		131072
 596		  free		  8672		     0		327680		131072
 597		  free		 48992		     0		393216		131072
 598		  free		 72864		    -1		     0		     0
 599		 alloc		 55456		196608		327680		131072
 600		 alloc		 35232		851968		262144		131072
 601		  free		 72992		     0		393216		131072
 602		  free		 35232		     0		458752		131072
 603		 alloc		  1824		851968		456704		131072
 604		 alloc		 65568		     0		325632		131072
 605		 alloc		 57440		393216		260096		131072
 606		  free		  1824		     0		262144		131072
 607		  free		 81568		     0		393216		131072
 608		  free		 52576		     0		458752		131072
 609		 alloc		 24288		458752		425984		131072
 610		 alloc		 91040		262144		294912		131072
 611		  free		100960		     0		425984		262144
 612		 alloc		102944		786432		294912		262144
 613		  free		 69664		     0		425984		262144
 614		 alloc		 78304		917504		294912		262144
 615		  free		 82656		    -1		     0		     0
 616		  free		 55456		     0		360448		262144
 617		 alloc		 98528		524288		229376		131072
 618		 alloc		 54304		196608		163840		131072
 619		  free		 53280		     0		229376		131072
 620		  free		 58208		    -1		     0		     0
 621		 alloc		126240		655360		 98304		 65536
 622		  free		 24288		     0		131072		 65536
 623		 alloc		 97568		    -1		     0		 65536
 624		  free		 57440		     0		196608		131072
 625		  free		 54304		     0		262144		131072
 626		 alloc		 78560		131072		131072		131072
 627		 alloc		 57952		393216		 65536		 65536
 628		  free		 65568		     0		196608		131072
 629		 alloc		 81184		     0		 65536		 65536
 630		  free		 91040		     0		196608		131072
 631		 alloc		 76000		262144		 65536		 65536
 632		 alloc		108896		    -1		     0		 65536
 633		 alloc		 15136		458752		 49152		 32768
 634		 alloc		 65696		    -1		     0		 32768
 635		 alloc		100448		    -1		     0		 32768
 636		  free		 78560		     0		180224		131072
 637		  free		 97568		    -1		     0		     0
 638		  free		 15136		     0		196608		131072
 639		  free		 98528		     0		327680		131072
 640		  free		102944		     0		458752		131072
 641		 alloc		 67424		131072		327680		131072
 642		  free		 65696		    -1		     0		     0
 643		  free		 78304		     0		458752		262144
 644		 alloc		 15648		458752		442368		262144
 645		 alloc		 19744		491520		409600		262144
 646		 alloc		117536		524288		278528		262144
 647		  free		126240		     0		409600		262144
 648		  free		 67424		     0		540672		262144
 649		  free		 81184		     0		671744		262144
 650		 alloc		 76512		655360		540672		262144
 651		 alloc		 80928		     0		409600		262144
 652		 alloc		 41568		131072		344064		262144
 653		  free		100448		    -1		     0		     0
 654		 alloc		 48608		196608		278528		262144
 655		  free		 76000		     0		409600		262144
 656		  free		 57952		     0		475136		262144
 657		  free		108896		    -1		     0		     0
 658		 alloc		 55712		393216		409600		262144
 659		  free		 19744		     0		442368		262144
 660		  free		 55712		     0		507904		262144
 661		 alloc		 27296		491520		475136		262144
 662		  free		117536		     0		606208		262144
 663		 alloc		127584		262144		475136		262144
 664		 alloc		 12704		475136		458752		262144
 665		  free		 15648		     0		475136		262144
 666		  free		 41568		     0		540672		262144
 667		 alloc		105632		524288		409600		262144
 668		  free		 80928		     0		540672		262144
 669		  free		105632		     0		671744		262144
 670		 alloc		 53664		131072		606208		262144
 671		 alloc		 30752		393216		573440		262144
 672		  free		 53664		     0		638976		262144
 673		 alloc		 51552		131072		573440		262144
 674		 alloc		 59232		     0		507904		262144
 675		  free		 48608		     0		573440		262144
 676		 alloc		126816		524288		442368		262144
 677		  free		 12704		     0		458752		262144
 678		 alloc		 54688		 65536		393216		262144
 679		 alloc		  9760		425984		376832		262144
 680		  free		 76512		     0		507904		262144
 681		 alloc		111456		655360		376832		262144
 682		 alloc		 28896		458752		344064		262144
 683		 alloc		 45088		196608		278528		262144
 684		  free		 30752		     0		311296		262144
 685		 alloc		 11040		442368		294912		262144
 686		  free		127584		     0		425984		262144
 687		 alloc		 52000		262144		360448		262144
 688		 alloc		 16736		393216		327680		262144
 689		 alloc		 62816		327680		262144		262144
 690		  free		 16736		     0		294912		262144
 691		  free		 27296		     0		327680		262144
 692		  free		 59232		     0		393216		262144
 693		  free		 51552		     0		458752		262144
 694		 alloc		  3040		393216		454656		262144
 695		 alloc		 56672		     0		389120		262144
 696		 alloc		 31584		491520		356352		262144
 697		  free		 28896		     0		389120		262144
 698		  free		 45088		     0		454656		262144
 699		  free		  9760		     0		471040		262144
 700		  free		111456		     0		602112		262144
 701		 alloc		 81888		131072		471040		262144
 702		  free		 11040		     0		487424		262144
 703		 alloc		 44320		655360		421888		262144
 704		 alloc		 75040		786432		290816		131072
 705		  free		126816		     0		421888		131072
 706		  free		 54688		     0		487424		131072
 707		 alloc		113376		524288		356352		131072
 708		  free		 44320		     0		421888		131072
 709		 alloc		 21472		425984		389120		131072
 710		 alloc		 19744		458752		356352		131072
 711		  free		 52000		     0		421888		131072
 712		  free		  3040		     0		425984		131072
 713		 alloc		123936		655360		294912		131072
 714		 alloc		117664		917504		163840		 65536
 715		  free		 81888		     0		294912		131072
 716		  free		 62816		     0		360448		131072
 717		 alloc		 71712		131072		229376		131072
 718		  free		113376		     0		360448		131072
 719		 alloc		 31584		393216		327680		131072
 720		  free		 56672		     0		393216		131072
 721		 alloc		114592		     0		262144		131072
 722		  free		 71712		     0		393216		131072
 723		 alloc		   608		131072		392192		131072
 724		 alloc		 19360		163840		359424		131072
 725		 alloc		 58592		196608		293888		131072
 726		  free		 31584		     0		326656		131072
 727		  free		 21472		     0		359424		131072
 728		  free		 58592		     0		424960		131072
 729		 alloc		 51360		196608		359424		131072
 730		  free		123936		     0		490496		262144
 731		  free		 75040		     0		621568		262144
 732		  free		 19744		     0		654336		262144
 733		 alloc		 22112		425984		621568		262144
 734		 alloc		108960		262144		490496		262144
 735		 alloc		 18016		458752		457728		262144
 736		 alloc		 24864		491520		424960		262144
 737		 alloc		 92064		786432		293888		262144
 738		  free		108960		     0		424960		262144
 739		 alloc		 88800		262144		293888		262144
 740		  free		114592		     0		424960		262144
 741		 alloc		 27296		     0		392192		262144
 742		  free		 31584		     0		424960		262144
 743		  free		117664		     0		556032		262144
 744		  free		   608		     0		557056		262144
 745		  free		 88800		     0		688128		262144
 746		 alloc		 99040		262144		557056		262144
 747		  free		 19360		     0		589824		262144
 748		  free		 22112		     0		622592		262144
 749		 alloc		117920		917504		491520		262144
 750		  free		 99040		     0		622592		262144
 751		  free		 92064		     0		753664		262144
 752		  free		 18016		     0		786432		262144
 753		 alloc		 76064		262144		655360		262144
 754		  free		 51360		     0		720896		262144
 755		 alloc		 38816		 65536		655360		262144
 756		 alloc		 32544		 32768		622592		262144
 757		  free		 76064		     0		753664		262144
 758		 alloc		 22880		458752		720896		262144
 759		  free		 24864		     0		753664		262144
 760		 alloc		 56096		393216		688128		262144
 761		 alloc		 31328		491520		655360		262144
 762		 alloc		  3360		131072		651264		262144
 763		  free		 22880		     0		684032		262144
 764		 alloc		105696		262144		552960		262144
 765		 alloc		 97952		786432		421888		262144
 766		  free		117920		     0		552960		262144
 767		  free		 27296		     0		585728		262144
 768		 alloc		 19808		     0		552960		262144
 769		 alloc		 18272		163840		520192		262144
 770		 alloc		115680		917504		389120		262144
 771		 alloc		 53984		196608		323584		262144
 772		  free		115680		     0		454656		262144
 773		  free		 38816		     0		520192		262144
 774		 alloc		112032		917504		389120		262144
 775		 alloc		  5792		139264		380928		262144
 776		  free		 31328		     0		413696		262144
 777		  free		 32544		     0		446464		262144
 778		  free		  5792		     0		454656		262144
 779		 alloc		 28384		 32768		421888		262144
 780		 alloc		121824		524288		290816		131072
 781		  free		 18272		     0		323584		131072
 782		  free		 19808		     0		356352		131072
 783		 alloc		 15456		147456		339968		131072
 784		  free		 97952		     0		471040		131072
 785		  free		 15456		     0		487424		131072
 786		  free		105696		     0		618496		131072
 787		 alloc		 17824		     0		585728		131072
 788		  free		112032		     0		716800		262144
 789		 alloc		 16736		163840		684032		262144
 790		  free		 56096		     0		749568		262144
 791		  free		  3360		     0		753664		262144
 792		 alloc		 81376		655360		622592		262144
 793		 alloc		 39328		 65536		557056		262144
 794		 alloc		 34592		262144		491520		262144
 795		  free		 53984		     0		557056		262144
 796		 alloc		124896		393216		425984		262144
 797		  free		 39328		     0		491520		262144
 798		 alloc		 69856		786432		360448		131072
 799		 alloc		 92640		917504		229376		 65536
 800		  free		 28384		     0		262144		 65536
 801		  free		 16736		     0		294912		131072
 802		 alloc		126624		131072		163840		 65536
 803		 alloc		 16864		 32768		131072		 65536
 804		  free		 92640		     0		262144		131072
 805		  free		 81376		     0		393216		131072
 806		  free		121824		     0		524288		262144
 807		 alloc		 39520		 65536		458752		262144
 808		 alloc		  4128		327680		450560		262144
 809		  free		 16864		     0		483328		262144
 810		  free		 17824		     0		516096		262144
 811		 alloc		125984		917504		385024		262144
 812		 alloc		107040		524288		253952		131072
 813		 alloc		123808		655360		122880		 65536
 814		 alloc		 77088		    -1		     0		 65536
 815		  free		123808		     0		253952		131072
 816		  free		126624		     0		385024		131072
 817		  free		 69856		     0		516096		131072
 818		  free		 39520		     0		581632		262144
 819		 alloc		 82912		655360		450560		262144
 820		 alloc		 51552		786432		385024		262144
 821		 alloc		 67360		     0		253952		131072
 822		  free		 34592		     0		319488		131072
 823		 alloc		 76000		131072		188416		 65536
 824		 alloc		 23840		360448		155648		 65536
 825		  free		124896		     0		286720		131072
 826		  free		 76000		     0		417792		131072
 827		 alloc		 38112		262144		352256		131072
 828		 alloc		110112		131072		221184		131072
 829		  free		 67360		     0		352256		131072
 830		  free		110112		     0		483328		262144
 831		  free		  4128		     0		491520		262144
 832		 alloc		  2656		327680		487424		262144
 833		  free		  2656		     0		491520		262144
 834		 alloc		120352		393216		360448		262144
 835		 alloc		 80864		     0		229376		131072
 836		 alloc		 48544		851968		163840		131072
 837		  free		125984		     0		294912		131072
 838		 alloc		 18784		327680		262144		131072
 839		 alloc		 50592		131072		196608		131072
 840		  free		107040		     0		327680		131072
 841		 alloc		 54880		196608		262144		131072
 842		  free		 77088		    -1		     0		     0
 843		  free		 51552		     0		327680		131072
 844		  free		120352		     0		458752		131072
 845		  free		 82912		     0		589824		262144
 846		 alloc		103264		393216		458752		262144
 847		 alloc		114464		917504		327680		262144
 848		  free		103264		     0		458752		262144
 849		 alloc		 14112		786432		442368		262144
 850		  free		 48544		     0		507904		262144
 851		 alloc		 21344		819200		475136		262144
 852		  free		114464		     0		606208		262144
 853		  free		 80864		     0		737280		262144
 854		  free		 23840		     0		770048		262144
 855		 alloc		 56928		851968		704512		262144
 856		 alloc		126624		     0		573440		262144
 857		  free		 38112		     0		638976		262144
 858		 alloc		 63584		262144		573440		262144
 859		  free		 50592		     0		638976		262144
 860		  free		 54880		     0		704512		262144
 861		 alloc		 18912		360448		671744		262144
 862		  free		 18784		     0		704512		262144
 863		 alloc		111328		131072		573440		262144
 864		 alloc		113120		393216		442368		262144
 865		 alloc		 59104		917504		376832		262144
 866		 alloc		  2592		802816		372736		262144
 867		 alloc		   800		806912		371712		262144
 868		  free		 18912		     0		404480		262144
 869		 alloc		 92832		524288		273408		131072
 870		 alloc		125088		655360		142336		 65536
 871		 alloc		124128		    -1		     0		 65536
 872		  free		   800		     0		143360		 65536
 873		 alloc		 80736		    -1		     0		 65536
 874		 alloc		 24736		327680		110592		 65536
 875		  free		126624		     0		241664		131072
 876		  free		 14112		     0		258048		131072
 877		  free		  2592		     0		262144		131072
 878		 alloc		 58400		983040		196608		131072
 879		 alloc		  7584		360448		188416		131072
 880		  free		111328		     0		319488		262144
 881		  free		 21344		     0		352256		262144
 882		  free		125088		     0		483328		262144
 883		  free		 59104		     0		548864		262144
 884		  free		 63584		     0		614400		262144
 885		  free		 56928		     0		679936		262144
 886		 alloc		117920		655360		548864		262144
 887		 alloc		 14752		376832		532480		262144
 888		  free		124128		    -1		     0		     0
 889		  free		  7584		     0		540672		262144
 890		  free		 58400		     0		606208		262144
 891		  free		113120		     0		737280		262144
 892		  free		 24736		     0		770048		262144
 893		 alloc		107744		393216		638976		262144
 894		 alloc		 57568		262144		573440		262144
 895		 alloc		   160		360448		573184		262144
 896		 alloc		 58720		     0		507648		262144
 897		  free		 92832		     0		638720		262144
 898		 alloc		121440		131072		507648		262144
 899		  free		 80736		    -1		     0		     0
 900		 alloc		 38496		 65536		442112		262144
 901		  free		   160		     0		442368		262144
 902		 alloc		 29344		327680		409600		262144
 903		  free		117920		     0		540672		524288
 904		  free		 14752		     0		557056		524288
 905		 alloc		 25120		360448		524288		524288
 906		 alloc		 29984		524288		491520		262144
 907		  free		 25120		     0		524288		262144
 908		  free		107744		     0		655360		262144
 909		  free		 29984		     0		688128		524288
 910		 alloc		 59104		393216		622592		524288
 911		  free		 58720		     0		688128		524288
 912		 alloc		 77344		524288		557056		262144
 913		  free		 38496		     0		622592		262144
 914		 alloc		 25312		360448		589824		262144
 915		 alloc		 14112		458752		573440		262144
 916		  free		 57568		     0		638976		262144
 917		 alloc		 42336		262144		573440		262144
 918		 alloc		 18976		491520		540672		262144
 919		 alloc		 68192		     0		409600		262144
 920		  free		 29344		     0		442368		262144
 921		  free		 68192		     0		573440		262144
 922		  free		 59104		     0		638976		262144
 923		 alloc		 25504		327680		606208		262144
 924		  free		121440		     0		737280		262144
 925		  free		 77344		     0		868352		524288
 926		 alloc		  4576		475136		860160		524288
 927		  free		 18976		     0		892928		524288
 928		  free		 14112		     0		909312		524288
 929		 alloc		126048		     0		778240		524288
 930		  free		126048		     0		909312		524288
 931		 alloc		 34464		393216		843776		524288
 932		  free		  4576		     0		851968		524288
 933		 alloc		 22240		458752		819200		524288
 934		 alloc		 30048		491520		786432		524288
 935		  free		 25312		     0		819200		524288
 936		 alloc		 68704		     0		688128		524288
 937		 alloc		 60768		131072		622592		524288
 938		  free		 42336		     0		688128		524288
 939		 alloc		126368		524288		557056		262144
 940		 alloc		110624		655360		425984		262144
 941		 alloc		 57248		196608		360448		262144
 942		  free		 22240		     0		393216		262144
 943		 alloc		  3360		360448		389120		262144
 944		 alloc		110496		786432		258048		131072
 945		 alloc		 90400		917504		126976		 65536
 946		  free		 34464		     0		192512		 65536
 947		  free		 90400		     0		323584		131072
 948		  free		 57248		     0		389120		131072
 949		 alloc		 50400		196608		323584		131072
 950		 alloc		 52704		262144		258048		131072
 951		 alloc		116832		917504		126976		 65536
 952		  free		126368		     0		258048		131072
 953		  free		 25504		     0		290816		131072
 954		 alloc		 16800		327680		258048		131072
 955		 alloc		101728		524288		126976		 65536
 956		 alloc		 37664		393216		 61440		 32768
 957		  free		 16800		     0		 94208		 32768
 958		  free		 50400		     0		159744		 65536
 959		  free		  3360		     0		163840		 65536
 960		 alloc		 30368		458752		131072		 65536
 961		  free		110496		     0		262144		131072
 962		 alloc		 32672		196608		229376		131072
 963		  free		 68704		     0		360448		131072
 964		  free		 30048		     0		393216		131072
 965		  free		 60768		     0		458752		131072
 966		 alloc		 41184		131072		393216		131072
 967		 alloc		 75168		     0		262144		131072
 968		  free		 37664		     0		327680		131072
 969		  free		110624		     0		458752		131072
 970		 alloc		 95456		655360		327680		131072
 971		  free		101728		     0		458752		131072
 972		 alloc		 76320		524288		327680		131072
 973		  free		 76320		     0		458752		131072
 974		 alloc		 30944		229376		425984		131072
 975		 alloc		  1376		491520		423936		131072
 976		  free		 52704		     0		489472		131072
 977		  free		116832		     0		620544		262144
 978		 alloc		 78880		262144		489472		262144
 979		  free		 30368		     0		522240		262144
 980		 alloc		 13536		507904		505856		262144
 981		 alloc		 90656		524288		374784		262144
 982		  free		 13536		     0		391168		262144
 983		 alloc		  4640		499712		382976		262144
 984		 alloc		 87840		786432		251904		131072
 985		  free		 32672		     0		284672		131072
 986		 alloc		 26592		196608		251904		131072
 987		 alloc		 42016		393216		186368		131072
 988		  free		  1376		     0		188416		131072
 989		 alloc		119072		917504		 57344		 32768
 990		  free		 41184		     0		122880		 65536
 991		  free		 75168		     0		253952		131072
 992		  free		 95456		     0		385024		131072
 993		  free		 30944		     0		417792		131072
 994		  free		 78880		     0		548864		131072
 995		  free		 90656		     0		679936		262144
 996		  free		  4640		     0		688128		262144
 997		  free		 87840		     0		819200		262144
 998		  free		 26592		     0		851968		262144
 999		  free		 42016		     0		917504		524288
1000		  free		119072		     0		1048576		1048576
70 Allocations Failed
TOTAL ALLOCATIONS: 465 
